1e+07
1e+07
1e+07
1e+07
1e+07
1e+07
1e+07
1e+07
1e+07
1e+07
1e+07
1e+07
1e+07
1e+07
1e+07
1e+07
1e+07
1e+07
1e+07
1e+07
1e+07
1e+07
1e+07
1e+07
1e+07
1e+07
1e+07
1e+07
1e+07
1e+07
1e+07
1e+07
1e+07
1e+07
1e+07
1e+07
1e+07
1e+07
1e+07
1e+07
1e+07
1e+07
1e+07
1e+07
1e+07
1e+07
1e+07
1e+07
1e+07
1e+07
1e+07
1e+07
1e+07
1e+07
1e+07
1e+07
1e+07
1e+07
1e+07
1e+07
1e+07
1e+07
1e+07
1e+07
1e+07
1e+07
1e+07
1e+07
1e+07
1e+07
1e+07
1e+07
1e+07
1e+07
1e+07
1e+07
1e+07
1e+07
1e+07
1e+07
1e+07
1e+07
1e+07
1e+07
1e+07
1e+07
1e+07
1e+07
1e+07
1e+07
1e+07
1e+07
1e+07
1e+07
1e+07
1e+07
1e+07
1e+07
1e+07
1e+07
1e+07
1e+07
1e+07
1e+07
1e+07
1e+07
1e+07
1e+07
1e+07
1e+07
1e+07
1e+07
1e+07
1e+07
1e+07
1e+07
1e+07
1e+07
1e+07
1e+07
1e+07
1e+07
1e+07
1e+07
1e+07
1e+07
1e+07
1e+07
1e+07
1e+07
1e+07
1e+07
1e+07
1e+07
1e+07
1e+07
1e+07
1e+07
1e+07
1e+07
1e+07
1e+07
1e+07
1e+07
1e+07
1e+07
1e+07
1e+07
1e+07
1e+07
1e+07
1e+07
1e+07
1e+07
1e+07
1e+07
1e+07
9.99999e+06
9.99999e+06
9.99999e+06
9.99999e+06
9.99999e+06
9.99999e+06
9.99998e+06
9.99989e+06
9.9995e+06
9.99819e+06
9.99477e+06
9.98745e+06
9.97394e+06
9.95159e+06
9.91761e+06
9.86928e+06
9.80418e+06
9.72049e+06
9.61716e+06
9.49407e+06
9.3521e+06
9.1931e+06
9.01978e+06
8.8355e+06
8.64413e+06
8.44969e+06
8.25621e+06
8.06743e+06
7.88666e+06
7.71663e+06
7.55942e+06
7.41645e+06
7.28847e+06
7.17566e+06
7.07769e+06
6.99382e+06
6.92302e+06
6.86405e+06
6.81559e+06
6.77627e+06
6.74476e+06
6.71983e+06
6.70034e+06
6.68527e+06
6.67376e+06
6.66506e+06
6.65857e+06
6.65377e+06
6.65026e+06
6.64772e+06
6.6459e+06
6.64461e+06
6.64371e+06
6.64308e+06
6.64265e+06
6.64235e+06
6.64216e+06
6.64202e+06
6.64194e+06
6.64188e+06
6.64185e+06
6.64183e+06
6.64182e+06
6.64181e+06
6.64181e+06
6.6418e+06
6.6418e+06
6.6418e+06
6.6418e+06
6.64179e+06
6.64179e+06
6.64179e+06
6.64179e+06
6.64179e+06
6.64179e+06
6.64179e+06
6.64179e+06
6.64179e+06
6.64179e+06
6.64179e+06
6.64179e+06
6.64179e+06
6.64179e+06
6.64179e+06
6.64179e+06
6.64179e+06
6.64179e+06
6.64179e+06
6.64179e+06
6.64179e+06
6.64179e+06
6.64179e+06
6.64179e+06
6.64179e+06
6.64179e+06
6.64179e+06
6.64179e+06
6.64179e+06
6.64179e+06
6.64179e+06
6.64179e+06
6.64178e+06
6.64178e+06
6.64178e+06
6.64178e+06
6.64178e+06
6.64178e+06
6.64178e+06
6.64178e+06
6.64178e+06
6.64179e+06
6.64179e+06
6.64179e+06
6.64179e+06
6.64179e+06
6.64179e+06
6.64179e+06
6.64179e+06
6.64179e+06
6.64179e+06
6.64179e+06
6.64179e+06
6.64179e+06
6.64179e+06
6.64179e+06
6.64179e+06
6.64179e+06
6.64178e+06
6.64178e+06
6.64178e+06
6.64178e+06
6.64178e+06
6.64178e+06
6.64178e+06
6.64178e+06
6.64178e+06
6.64178e+06
6.64178e+06
6.64178e+06
6.64178e+06
6.64178e+06
6.64178e+06
6.64178e+06
6.64178e+06
6.64178e+06
6.64178e+06
6.64178e+06
6.64178e+06
6.64178e+06
6.64178e+06
6.64178e+06
6.64178e+06
6.64178e+06
6.64179e+06
6.64179e+06
6.64179e+06
6.64179e+06
6.64179e+06
6.64179e+06
6.64179e+06
6.64179e+06
6.64179e+06
6.64179e+06
6.64179e+06
6.64179e+06
6.64179e+06
6.64179e+06
6.64179e+06
6.64179e+06
6.64179e+06
6.64179e+06
6.64178e+06
6.64178e+06
6.64178e+06
6.64178e+06
6.64178e+06
6.64178e+06
6.64178e+06
6.64178e+06
6.64178e+06
6.64178e+06
6.64178e+06
6.64178e+06
6.64178e+06
6.64178e+06
6.64178e+06
6.64178e+06
6.64178e+06
6.64178e+06
6.64178e+06
6.64178e+06
6.64178e+06
6.64178e+06
6.64178e+06
6.64178e+06
6.64178e+06
6.64178e+06
6.64178e+06
6.64178e+06
6.64178e+06
6.64178e+06
6.64178e+06
6.64178e+06
6.64178e+06
6.64178e+06
6.64178e+06
6.64178e+06
6.64178e+06
6.64178e+06
6.64178e+06
6.64178e+06
6.64178e+06
6.64178e+06
6.64178e+06
6.64178e+06
6.64178e+06
6.64178e+06
6.64178e+06
6.64178e+06
6.64178e+06
6.64178e+06
6.64178e+06
6.64178e+06
6.64178e+06
6.64178e+06
6.64178e+06
6.64178e+06
6.64178e+06
6.64178e+06
6.64178e+06
6.64178e+06
6.64178e+06
6.64178e+06
6.64178e+06
6.64178e+06
6.64178e+06
6.64178e+06
6.64178e+06
6.64178e+06
6.64178e+06
6.64178e+06
6.64178e+06
6.64178e+06
6.64178e+06
6.64178e+06
6.64178e+06
6.64178e+06
6.64178e+06
6.64178e+06
6.64178e+06
6.64178e+06
6.64178e+06
6.64178e+06
6.64178e+06
6.64178e+06
6.64178e+06
6.64178e+06
6.64178e+06
6.64177e+06
6.64177e+06
6.64177e+06
6.64177e+06
6.64177e+06
6.64177e+06
6.64177e+06
6.64177e+06
6.64177e+06
6.64177e+06
6.64177e+06
6.64177e+06
6.64177e+06
6.64177e+06
6.64177e+06
6.64177e+06
6.64177e+06
6.64178e+06
6.64178e+06
6.64178e+06
6.64178e+06
6.64178e+06
6.64178e+06
6.64178e+06
6.64178e+06
6.64178e+06
6.64179e+06
6.64179e+06
6.64179e+06
6.64179e+06
6.64179e+06
6.64179e+06
6.64179e+06
6.64178e+06
6.64178e+06
6.64178e+06
6.64178e+06
6.64178e+06
6.64178e+06
6.64178e+06
6.64178e+06
6.64178e+06
6.64178e+06
6.64178e+06
6.64178e+06
6.64178e+06
6.64178e+06
6.64178e+06
6.64178e+06
6.64178e+06
6.64178e+06
6.64178e+06
6.64178e+06
6.64178e+06
6.64178e+06
6.64178e+06
6.64178e+06
6.64178e+06
6.64178e+06
6.64178e+06
6.64178e+06
6.64178e+06
6.64178e+06
6.64179e+06
6.64179e+06
6.64179e+06
6.64178e+06
6.64179e+06
6.64179e+06
6.64179e+06
6.64179e+06
6.64179e+06
6.64179e+06
6.64179e+06
6.64179e+06
6.64179e+06
6.64179e+06
6.64179e+06
6.64178e+06
6.64178e+06
6.64178e+06
6.64178e+06
6.64178e+06
6.64177e+06
6.64176e+06
6.64186e+06
6.64195e+06
6.64183e+06
6.64155e+06
6.64141e+06
6.64144e+06
3.8127e+06
3.49072e+06
3.45809e+06
3.457e+06
3.4572e+06
3.45769e+06
3.45766e+06
3.45755e+06
3.45755e+06
3.45755e+06
3.45755e+06
3.45755e+06
3.45755e+06
3.45755e+06
3.45755e+06
3.45755e+06
3.45755e+06
3.45755e+06
3.45755e+06
3.45755e+06
3.45755e+06
3.45755e+06
3.45755e+06
3.45756e+06
3.45756e+06
3.45756e+06
3.45756e+06
3.45756e+06
3.45756e+06
3.45756e+06
3.45756e+06
3.45756e+06
3.45756e+06
3.45756e+06
3.45756e+06
3.45756e+06
3.45756e+06
3.45756e+06
3.45756e+06
3.45756e+06
3.45756e+06
3.45756e+06
3.45756e+06
3.45756e+06
3.45756e+06
3.45756e+06
3.45756e+06
3.45756e+06
3.45756e+06
3.45756e+06
3.45757e+06
3.45757e+06
3.45757e+06
3.45757e+06
3.45757e+06
3.45757e+06
3.45757e+06
3.45757e+06
3.45758e+06
3.45758e+06
3.45758e+06
3.45758e+06
3.45758e+06
3.45758e+06
3.45757e+06
3.45757e+06
3.45757e+06
3.45757e+06
3.45757e+06
3.45757e+06
3.45756e+06
3.45756e+06
3.45756e+06
3.45756e+06
3.45755e+06
3.45755e+06
3.45755e+06
3.45755e+06
3.45754e+06
3.45754e+06
3.45754e+06
3.45754e+06
3.45754e+06
3.45754e+06
3.45754e+06
3.45754e+06
3.45754e+06
3.45754e+06
3.45754e+06
3.45755e+06
3.45755e+06
3.45755e+06
3.45755e+06
3.45756e+06
3.45756e+06
3.45756e+06
3.45756e+06
3.45756e+06
3.45757e+06
3.45757e+06
3.45757e+06
3.45757e+06
3.45757e+06
3.45757e+06
3.45757e+06
3.45758e+06
3.45757e+06
3.45757e+06
3.45757e+06
3.45757e+06
3.45757e+06
3.45757e+06
3.45757e+06
3.45757e+06
3.45758e+06
3.45758e+06
3.45758e+06
3.45758e+06
3.45758e+06
3.45758e+06
3.45759e+06
3.45759e+06
3.45759e+06
3.45759e+06
3.45759e+06
3.45759e+06
3.45759e+06
3.45759e+06
3.45759e+06
3.45759e+06
3.45759e+06
3.45759e+06
3.45758e+06
3.45758e+06
3.45757e+06
3.45757e+06
3.45757e+06
3.45756e+06
3.45756e+06
3.45755e+06
3.45755e+06
3.45755e+06
3.45755e+06
3.45755e+06
3.45755e+06
3.45755e+06
3.45757e+06
3.45759e+06
3.4576e+06
3.4576e+06
3.45761e+06
3.45761e+06
3.4576e+06
3.45759e+06
3.45758e+06
3.45758e+06
3.45757e+06
3.45757e+06
3.45757e+06
3.45757e+06
3.45756e+06
3.45756e+06
3.45756e+06
3.45756e+06
3.45755e+06
3.45755e+06
3.45755e+06
3.45756e+06
3.45757e+06
3.45759e+06
3.45761e+06
3.45762e+06
3.45763e+06
3.45763e+06
3.45764e+06
3.45764e+06
3.45764e+06
3.45763e+06
3.45762e+06
3.45762e+06
3.45761e+06
3.45761e+06
3.45761e+06
3.45761e+06
3.45762e+06
3.45763e+06
3.45763e+06
3.45764e+06
3.45764e+06
3.45763e+06
3.45761e+06
3.45759e+06
3.45758e+06
3.45758e+06
3.45758e+06
3.45759e+06
3.45761e+06
3.45763e+06
3.45764e+06
3.45765e+06
3.45766e+06
3.45766e+06
3.45764e+06
3.45763e+06
3.45763e+06
3.45763e+06
3.45763e+06
3.45764e+06
3.45764e+06
3.45764e+06
3.45763e+06
3.45761e+06
3.45759e+06
3.45758e+06
3.45759e+06
3.4576e+06
3.45764e+06
3.45769e+06
3.45774e+06
3.45778e+06
3.4578e+06
3.45779e+06
3.45777e+06
3.45774e+06
3.45772e+06
3.45772e+06
3.45775e+06
3.45782e+06
3.45792e+06
3.45804e+06
3.45818e+06
3.45832e+06
3.45846e+06
3.4586e+06
3.45873e+06
3.45887e+06
3.45902e+06
3.45919e+06
3.45939e+06
3.45962e+06
3.45985e+06
3.4601e+06
3.4603e+06
3.46043e+06
3.4605e+06
3.46051e+06
3.46044e+06
3.46032e+06
3.46015e+06
3.45995e+06
3.45971e+06
3.45947e+06
3.45924e+06
3.45903e+06
3.45884e+06
3.45866e+06
3.4585e+06
3.45833e+06
3.45817e+06
3.45801e+06
3.45789e+06
3.45779e+06
3.45773e+06
3.45772e+06
3.45774e+06
3.45778e+06
3.45783e+06
3.45787e+06
3.45791e+06
3.45795e+06
3.45799e+06
3.45804e+06
3.45809e+06
3.45814e+06
3.45819e+06
3.45825e+06
3.45832e+06
3.45843e+06
3.45858e+06
3.45875e+06
3.45891e+06
3.45903e+06
3.45908e+06
3.45907e+06
3.45901e+06
3.45892e+06
3.45883e+06
3.45874e+06
3.45868e+06
3.45867e+06
3.45866e+06
3.45865e+06
3.45859e+06
3.4585e+06
3.45841e+06
3.45833e+06
3.45823e+06
3.45809e+06
3.45788e+06
3.45767e+06
3.45756e+06
3.45764e+06
3.45773e+06
3.45757e+06
3.45714e+06
3.45653e+06
3.45578e+06
3.45475e+06
3.45324e+06
3.45118e+06
3.44843e+06
3.44453e+06
3.43917e+06
3.43229e+06
3.42321e+06
3.41109e+06
3.39654e+06
3.35232e+06
3.21812e+06
3.17641e+06
3.1291e+06
3.08174e+06
2.90238e+06
2.80588e+06
2.68922e+06
2.59919e+06
2.50833e+06
2.41952e+06
2.32987e+06
2.15748e+06
2.09475e+06
2.02941e+06
1.97616e+06
1.91216e+06
1.83394e+06
1.74546e+06
1.65937e+06
1.57992e+06
1.50673e+06
1.43643e+06
1.36657e+06
1.29669e+06
1.22764e+06
1.16037e+06
1.09534e+06
1.03256e+06
971931
913386
856949
802686
750664
700938
653544
608497
565798
525431
487369
451592
418089
386845
357806
330865
305900
282832
261615
242191
224459
208341
193812
180775
169056
158355
148973
140443
134439
128840
124536
119130
114095
109405
106179
103641
102050
101042
100485
100198
100070
100025
100018
100015
100013
100011
100010
100008
100007
100006
100005
100004
100004
100003
100002
100002
100002
100001
100001
100001
100000
100000
100000
100000
100000
100000
100000
100000
100000
100000
100000
100000
100000
100000
100000
100000
100000
100000
100000
100000
100000
100000
100000
100000
100000
100000
100000
100000
100000
100000
100000
100000
100000
100000
100000
100000
100000
100000
100000
100000
100000
100000
100000
100000
100000
100000
100000
100000
100000
100000
100000
100000
100000
100000
100000
100000
100000
100000
100000
100000
100000
100000
100000
100000
100000
100000
100000
100000
100000
100000
100000
100000
100000
100000
100000
100000
100000
100000
100000
100000
100000
100000
100000
100000
100000
100000
100000
100000
100000
100000
100000
100000
100000
100000
100000
100000
100000
100000
100000
100000
100000
100000
100000
100000
100000
100000
100000
100000
100000
100000
100000
100000
100000
100000
100000
100000
100000
100000
100000
100000
100000
100000
100000
100000
100000
100000
100000
100000
100000
100000
100000
100000
100000
100000
100000
100000
100000
100000
100000
100000
100000
100000
100000
100000
100000
100000
100000
100000
100000
100000
