-1e+07
-1e+07
-1e+07
-1e+07
-1e+07
-1e+07
-1e+07
-1e+07
-1e+07
-1e+07
-1e+07
-1e+07
-1e+07
-1e+07
-1e+07
-1e+07
-1e+07
-1e+07
-1e+07
-1e+07
-1e+07
-1e+07
-1e+07
-1e+07
-1e+07
-1e+07
-1e+07
-1e+07
-1e+07
-1e+07
-1e+07
-1e+07
-1e+07
-1e+07
-1e+07
-1e+07
-1e+07
-1e+07
-1e+07
-1e+07
-1e+07
-1e+07
-1e+07
-1e+07
-1e+07
-1e+07
-1e+07
-1e+07
-1e+07
-1e+07
-1e+07
-1e+07
-1e+07
-1e+07
-1e+07
-1e+07
-1e+07
-1e+07
-1e+07
-1e+07
-1e+07
-1e+07
-1e+07
-1e+07
-1e+07
-1e+07
-1e+07
-1e+07
-1e+07
-1e+07
-1e+07
-1e+07
-1e+07
-1e+07
-1e+07
-1e+07
-1e+07
-1e+07
-1e+07
-1e+07
-1e+07
-1e+07
-1e+07
-1e+07
-1e+07
-1e+07
-1e+07
-1e+07
-1e+07
-1e+07
-1e+07
-1e+07
-1e+07
-1e+07
-1e+07
-1e+07
-1e+07
-1e+07
-1e+07
-1e+07
-1e+07
-1e+07
-1e+07
-1e+07
-1e+07
-1e+07
-1e+07
-1e+07
-1e+07
-1e+07
-1e+07
-1e+07
-1e+07
-1e+07
-1e+07
-1e+07
-1e+07
-1e+07
-1e+07
-1e+07
-1e+07
-1e+07
-1e+07
-1e+07
-1e+07
-1e+07
-1e+07
-1e+07
-1e+07
-1e+07
-1e+07
-1e+07
-1e+07
-1e+07
-1e+07
-1e+07
-1e+07
-1e+07
-1e+07
-1e+07
-1e+07
-1e+07
-1e+07
-1e+07
-1e+07
-1e+07
-1e+07
-1e+07
-1e+07
-1e+07
-1e+07
-1e+07
-1e+07
-1e+07
-1e+07
-9.99999e+06
-9.99999e+06
-9.99999e+06
-9.99999e+06
-9.99999e+06
-9.99999e+06
-9.99998e+06
-9.99998e+06
-9.99996e+06
-9.99984e+06
-9.99926e+06
-9.99733e+06
-9.9923e+06
-9.98151e+06
-9.96158e+06
-9.92864e+06
-9.87856e+06
-9.80732e+06
-9.71136e+06
-9.588e+06
-9.43569e+06
-9.25425e+06
-9.04499e+06
-8.81062e+06
-8.55513e+06
-8.2835e+06
-8.00141e+06
-7.71481e+06
-7.42961e+06
-7.15134e+06
-6.88487e+06
-6.63424e+06
-6.4025e+06
-6.19175e+06
-6.00311e+06
-5.83683e+06
-5.69241e+06
-5.56878e+06
-5.46441e+06
-5.37749e+06
-5.30606e+06
-5.2481e+06
-5.20166e+06
-5.16491e+06
-5.13617e+06
-5.11396e+06
-5.09699e+06
-5.08417e+06
-5.0746e+06
-5.06752e+06
-5.06235e+06
-5.05861e+06
-5.05593e+06
-5.05403e+06
-5.0527e+06
-5.05177e+06
-5.05114e+06
-5.0507e+06
-5.05041e+06
-5.05021e+06
-5.05008e+06
-5.05e+06
-5.04995e+06
-5.04993e+06
-5.04991e+06
-5.0499e+06
-5.0499e+06
-5.04989e+06
-5.04988e+06
-5.04988e+06
-5.04988e+06
-5.04987e+06
-5.04987e+06
-5.04987e+06
-5.04987e+06
-5.04987e+06
-5.04987e+06
-5.04987e+06
-5.04986e+06
-5.04986e+06
-5.04986e+06
-5.04986e+06
-5.04986e+06
-5.04986e+06
-5.04986e+06
-5.04986e+06
-5.04986e+06
-5.04986e+06
-5.04986e+06
-5.04986e+06
-5.04986e+06
-5.04986e+06
-5.04986e+06
-5.04986e+06
-5.04986e+06
-5.04986e+06
-5.04986e+06
-5.04986e+06
-5.04986e+06
-5.04986e+06
-5.04986e+06
-5.04986e+06
-5.04986e+06
-5.04986e+06
-5.04986e+06
-5.04986e+06
-5.04986e+06
-5.04986e+06
-5.04986e+06
-5.04986e+06
-5.04986e+06
-5.04986e+06
-5.04986e+06
-5.04986e+06
-5.04986e+06
-5.04986e+06
-5.04986e+06
-5.04986e+06
-5.04986e+06
-5.04986e+06
-5.04986e+06
-5.04986e+06
-5.04986e+06
-5.04986e+06
-5.04986e+06
-5.04986e+06
-5.04986e+06
-5.04986e+06
-5.04986e+06
-5.04986e+06
-5.04986e+06
-5.04986e+06
-5.04986e+06
-5.04986e+06
-5.04986e+06
-5.04986e+06
-5.04986e+06
-5.04986e+06
-5.04986e+06
-5.04986e+06
-5.04986e+06
-5.04986e+06
-5.04986e+06
-5.04986e+06
-5.04986e+06
-5.04986e+06
-5.04986e+06
-5.04986e+06
-5.04986e+06
-5.04986e+06
-5.04986e+06
-5.04986e+06
-5.04986e+06
-5.04986e+06
-5.04986e+06
-5.04986e+06
-5.04986e+06
-5.04986e+06
-5.04986e+06
-5.04986e+06
-5.04986e+06
-5.04986e+06
-5.04986e+06
-5.04986e+06
-5.04987e+06
-5.04987e+06
-5.04986e+06
-5.04986e+06
-5.04986e+06
-5.04986e+06
-5.04986e+06
-5.04986e+06
-5.04986e+06
-5.04986e+06
-5.04986e+06
-5.04986e+06
-5.04986e+06
-5.04985e+06
-5.04985e+06
-5.04985e+06
-5.04985e+06
-5.04985e+06
-5.04985e+06
-5.04985e+06
-5.04985e+06
-5.04985e+06
-5.04985e+06
-5.04985e+06
-5.04985e+06
-5.04985e+06
-5.04985e+06
-5.04985e+06
-5.04985e+06
-5.04985e+06
-5.04985e+06
-5.04985e+06
-5.04985e+06
-5.04985e+06
-5.04985e+06
-5.04985e+06
-5.04985e+06
-5.04985e+06
-5.04985e+06
-5.04985e+06
-5.04985e+06
-5.04985e+06
-5.04985e+06
-5.04985e+06
-5.04985e+06
-5.04985e+06
-5.04985e+06
-5.04985e+06
-5.04985e+06
-5.04985e+06
-5.04985e+06
-5.04985e+06
-5.04985e+06
-5.04985e+06
-5.04985e+06
-5.04985e+06
-5.04985e+06
-5.04985e+06
-5.04985e+06
-5.04985e+06
-5.04985e+06
-5.04985e+06
-5.04985e+06
-5.04985e+06
-5.04985e+06
-5.04985e+06
-5.04985e+06
-5.04985e+06
-5.04985e+06
-5.04985e+06
-5.04985e+06
-5.04985e+06
-5.04985e+06
-5.04985e+06
-5.04985e+06
-5.04985e+06
-5.04985e+06
-5.04985e+06
-5.04985e+06
-5.04985e+06
-5.04985e+06
-5.04985e+06
-5.04985e+06
-5.04985e+06
-5.04985e+06
-5.04985e+06
-5.04985e+06
-5.04985e+06
-5.04985e+06
-5.04985e+06
-5.04985e+06
-5.04985e+06
-5.04985e+06
-5.04985e+06
-5.04985e+06
-5.04985e+06
-5.04984e+06
-5.04984e+06
-5.04984e+06
-5.04984e+06
-5.04984e+06
-5.04984e+06
-5.04984e+06
-5.04984e+06
-5.04984e+06
-5.04984e+06
-5.04984e+06
-5.04984e+06
-5.04984e+06
-5.04984e+06
-5.04984e+06
-5.04984e+06
-5.04984e+06
-5.04985e+06
-5.04985e+06
-5.04985e+06
-5.04985e+06
-5.04985e+06
-5.04985e+06
-5.04985e+06
-5.04986e+06
-5.04986e+06
-5.04986e+06
-5.04986e+06
-5.04986e+06
-5.04986e+06
-5.04986e+06
-5.04986e+06
-5.04986e+06
-5.04986e+06
-5.04986e+06
-5.04985e+06
-5.04985e+06
-5.04985e+06
-5.04985e+06
-5.04985e+06
-5.04985e+06
-5.04985e+06
-5.04985e+06
-5.04985e+06
-5.04985e+06
-5.04985e+06
-5.04985e+06
-5.04985e+06
-5.04985e+06
-5.04985e+06
-5.04985e+06
-5.04985e+06
-5.04985e+06
-5.04985e+06
-5.04985e+06
-5.04985e+06
-5.04985e+06
-5.04985e+06
-5.04985e+06
-5.04985e+06
-5.04985e+06
-5.04985e+06
-5.04986e+06
-5.04986e+06
-5.04986e+06
-5.04986e+06
-5.04986e+06
-5.04986e+06
-5.04986e+06
-5.04986e+06
-5.04986e+06
-5.04986e+06
-5.04986e+06
-5.04986e+06
-5.04986e+06
-5.04986e+06
-5.04986e+06
-5.04986e+06
-5.04986e+06
-5.04985e+06
-5.04985e+06
-5.04985e+06
-5.04985e+06
-5.04983e+06
-5.04981e+06
-5.04996e+06
-5.05009e+06
-5.04991e+06
-5.0495e+06
-5.0493e+06
-5.04922e+06
-5.04974e+06
-5.07672e+06
-5.0502e+06
-5.04892e+06
-5.0492e+06
-5.04993e+06
-5.04989e+06
-5.04973e+06
-5.04973e+06
-5.04974e+06
-5.04974e+06
-5.04974e+06
-5.04974e+06
-5.04974e+06
-5.04974e+06
-5.04974e+06
-5.04974e+06
-5.04974e+06
-5.04974e+06
-5.04974e+06
-5.04974e+06
-5.04974e+06
-5.04974e+06
-5.04975e+06
-5.04975e+06
-5.04975e+06
-5.04975e+06
-5.04975e+06
-5.04975e+06
-5.04975e+06
-5.04975e+06
-5.04975e+06
-5.04975e+06
-5.04975e+06
-5.04975e+06
-5.04975e+06
-5.04975e+06
-5.04975e+06
-5.04975e+06
-5.04975e+06
-5.04975e+06
-5.04975e+06
-5.04976e+06
-5.04976e+06
-5.04976e+06
-5.04976e+06
-5.04976e+06
-5.04976e+06
-5.04976e+06
-5.04976e+06
-5.04976e+06
-5.04976e+06
-5.04976e+06
-5.04976e+06
-5.04977e+06
-5.04977e+06
-5.04977e+06
-5.04977e+06
-5.04977e+06
-5.04978e+06
-5.04978e+06
-5.04978e+06
-5.04978e+06
-5.04978e+06
-5.04977e+06
-5.04977e+06
-5.04977e+06
-5.04977e+06
-5.04976e+06
-5.04976e+06
-5.04976e+06
-5.04975e+06
-5.04975e+06
-5.04975e+06
-5.04974e+06
-5.04974e+06
-5.04974e+06
-5.04973e+06
-5.04973e+06
-5.04973e+06
-5.04972e+06
-5.04972e+06
-5.04972e+06
-5.04972e+06
-5.04972e+06
-5.04972e+06
-5.04972e+06
-5.04973e+06
-5.04973e+06
-5.04973e+06
-5.04974e+06
-5.04974e+06
-5.04974e+06
-5.04975e+06
-5.04975e+06
-5.04975e+06
-5.04976e+06
-5.04976e+06
-5.04976e+06
-5.04977e+06
-5.04977e+06
-5.04977e+06
-5.04977e+06
-5.04977e+06
-5.04977e+06
-5.04977e+06
-5.04977e+06
-5.04977e+06
-5.04977e+06
-5.04977e+06
-5.04977e+06
-5.04977e+06
-5.04977e+06
-5.04977e+06
-5.04978e+06
-5.04978e+06
-5.04978e+06
-5.04978e+06
-5.04978e+06
-5.04979e+06
-5.04979e+06
-5.04979e+06
-5.0498e+06
-5.0498e+06
-5.0498e+06
-5.0498e+06
-5.0498e+06
-5.0498e+06
-5.0498e+06
-5.0498e+06
-5.0498e+06
-5.04979e+06
-5.04978e+06
-5.04978e+06
-5.04977e+06
-5.04977e+06
-5.04976e+06
-5.04976e+06
-5.04975e+06
-5.04974e+06
-5.04974e+06
-5.04973e+06
-5.04973e+06
-5.04973e+06
-5.04973e+06
-5.04974e+06
-5.04977e+06
-5.04979e+06
-5.04981e+06
-5.04982e+06
-5.04982e+06
-5.04982e+06
-5.04982e+06
-5.0498e+06
-5.04978e+06
-5.04978e+06
-5.04977e+06
-5.04976e+06
-5.04976e+06
-5.04976e+06
-5.04976e+06
-5.04976e+06
-5.04975e+06
-5.04975e+06
-5.04974e+06
-5.04974e+06
-5.04974e+06
-5.04975e+06
-5.04976e+06
-5.0498e+06
-5.04983e+06
-5.04984e+06
-5.04985e+06
-5.04986e+06
-5.04987e+06
-5.04987e+06
-5.04986e+06
-5.04986e+06
-5.04985e+06
-5.04983e+06
-5.04983e+06
-5.04983e+06
-5.04983e+06
-5.04983e+06
-5.04984e+06
-5.04985e+06
-5.04986e+06
-5.04987e+06
-5.04987e+06
-5.04986e+06
-5.04982e+06
-5.04979e+06
-5.04979e+06
-5.04978e+06
-5.04979e+06
-5.0498e+06
-5.04983e+06
-5.04986e+06
-5.04988e+06
-5.04989e+06
-5.04989e+06
-5.04989e+06
-5.04988e+06
-5.04986e+06
-5.04986e+06
-5.04986e+06
-5.04986e+06
-5.04987e+06
-5.04987e+06
-5.04988e+06
-5.04986e+06
-5.04983e+06
-5.0498e+06
-5.04979e+06
-5.0498e+06
-5.04981e+06
-5.04987e+06
-5.04995e+06
-5.05002e+06
-5.05007e+06
-5.0501e+06
-5.0501e+06
-5.05007e+06
-5.05002e+06
-5.04999e+06
-5.04999e+06
-5.05003e+06
-5.05013e+06
-5.05028e+06
-5.05046e+06
-5.05067e+06
-5.05088e+06
-5.05108e+06
-5.05128e+06
-5.05148e+06
-5.05168e+06
-5.0519e+06
-5.05216e+06
-5.05245e+06
-5.05279e+06
-5.05314e+06
-5.05349e+06
-5.05379e+06
-5.05398e+06
-5.05408e+06
-5.0541e+06
-5.054e+06
-5.05383e+06
-5.05358e+06
-5.05327e+06
-5.05293e+06
-5.05257e+06
-5.05223e+06
-5.05191e+06
-5.05163e+06
-5.05138e+06
-5.05114e+06
-5.05089e+06
-5.05065e+06
-5.05042e+06
-5.05023e+06
-5.05009e+06
-5.05e+06
-5.04999e+06
-5.05002e+06
-5.05008e+06
-5.05015e+06
-5.05021e+06
-5.05027e+06
-5.05033e+06
-5.05039e+06
-5.05046e+06
-5.05053e+06
-5.05061e+06
-5.05069e+06
-5.05077e+06
-5.05088e+06
-5.05104e+06
-5.05126e+06
-5.05151e+06
-5.05175e+06
-5.05193e+06
-5.052e+06
-5.05199e+06
-5.05189e+06
-5.05176e+06
-5.05163e+06
-5.0515e+06
-5.05141e+06
-5.05138e+06
-5.05138e+06
-5.05135e+06
-5.05127e+06
-5.05114e+06
-5.05101e+06
-5.05089e+06
-5.05074e+06
-5.05054e+06
-5.05023e+06
-5.04992e+06
-5.04975e+06
-5.04988e+06
-5.05e+06
-5.04977e+06
-5.04913e+06
-5.04823e+06
-5.04713e+06
-5.04561e+06
-5.04339e+06
-5.04035e+06
-5.03629e+06
-5.03055e+06
-5.02264e+06
-5.0125e+06
-4.99911e+06
-4.98125e+06
-4.9598e+06
-4.89462e+06
-4.69677e+06
-4.63529e+06
-4.56553e+06
-4.49573e+06
-4.23131e+06
-4.08905e+06
-3.91707e+06
-3.78435e+06
-3.6504e+06
-3.51948e+06
-3.38731e+06
-3.13318e+06
-3.0407e+06
-2.94438e+06
-2.86587e+06
-2.77153e+06
-2.65621e+06
-2.52578e+06
-2.39885e+06
-2.28174e+06
-2.17384e+06
-2.0702e+06
-1.96721e+06
-1.8642e+06
-1.7624e+06
-1.66323e+06
-1.56735e+06
-1.47481e+06
-1.38543e+06
-1.29912e+06
-1.21592e+06
-1.13592e+06
-1.05923e+06
-985921
-916051
-849642
-786694
-727183
-671072
-618329
-568938
-522877
-480066
-440348
-403545
-369537
-338258
-309623
-283482
-259720
-238301
-219081
-201804
-186029
-172197
-159622
-150771
-142518
-136172
-128203
-120780
-113865
-109109
-105368
-103022
-101537
-100715
-100292
-100104
-100037
-100026
-100022
-100019
-100017
-100014
-100012
-100010
-100009
-100008
-100006
-100005
-100004
-100004
-100003
-100002
-100002
-100001
-100001
-100001
-100000
-100000
-100000
-100000
-100000
-100000
-100000
-100000
-100000
-100000
-100000
-100000
-100000
-100000
-100000
-100000
-100000
-100000
-100000
-100000
-100000
-100000
-100000
-100000
-100000
-100000
-100000
-100000
-100000
-100000
-100000
-100000
-100000
-100000
-100000
-100000
-100000
-100000
-100000
-100000
-100000
-100000
-100000
-100000
-100000
-100000
-100000
-100000
-100000
-100000
-100000
-100000
-100000
-100000
-100000
-100000
-100000
-100000
-100000
-100000
-100000
-100000
-100000
-100000
-100000
-100000
-100000
-100000
-100000
-100000
-100000
-100000
-100000
-100000
-100000
-100000
-100000
-100000
-100000
-100000
-100000
-100000
-100000
-100000
-100000
-100000
-100000
-100000
-100000
-100000
-100000
-100000
-100000
-100000
-100000
-100000
-100000
-100000
-100000
-100000
-100000
-100000
-100000
-100000
-100000
-100000
-100000
-100000
-100000
-100000
-100000
-100000
-100000
-100000
-100000
-100000
-100000
-100000
-100000
-100000
-100000
-100000
-100000
-100000
-100000
-100000
-100000
-100000
-100000
-100000
-100000
-100000
-100000
-100000
-100000
-100000
-100000
-100000
-100000
-100000
-100000
-100000
-100000
-100000
-100000
-100000
-100000
-100000
-100000
