0
0
0
0
0
0
0
0
0
0
0
0
0
0
0
0
0
0
0
0
0
0
0
0
0
0
0
0
0
0
0
0
0
0
0
0
0
0
0
0
0
0
0
0
0
0
0
0
0
0
0
0
0
0
0
0
0
0
0
0
0
0
0
0
0
0
0
0
0
0
0
0
0
0
0
0
0
0
0
0
0
0
0
0
0
0
0
0
0
0
0
0
0
0
0
0
0
0
0
0
0
0
0
0
0
0
0
0
0
0
0
0
0
0
0
0
0
0
0
0
0
0
0
0
0
0
0
0
0
0
0
0
0
0
0
0
0
0
0
0
0
0
0
0
0
0
1.9072e-08
3.25955e-08
5.04221e-08
7.07089e-08
9.60893e-08
1.26447e-07
1.61972e-07
2.03628e-07
2.52186e-07
3.0878e-07
3.74651e-07
4.51228e-07
5.40701e-07
6.43718e-07
7.623e-07
9.06467e-07
1.05208e-06
2.08536e-06
9.30627e-06
4.14575e-05
0.00014995
0.000433705
0.00104378
0.00217495
0.00405256
0.00691722
0.0110049
0.0165254
0.0236404
0.0324452
0.0429556
0.055102
0.0687311
0.0836148
0.0994651
0.115953
0.132731
0.149452
0.165791
0.181459
0.196216
0.209879
0.222322
0.233474
0.243316
0.251875
0.259212
0.265412
0.270582
0.274837
0.278293
0.281064
0.283261
0.28498
0.28631
0.287328
0.288097
0.288672
0.289098
0.28941
0.289635
0.289797
0.289912
0.289992
0.290048
0.290087
0.290113
0.290131
0.290143
0.290151
0.290156
0.290159
0.29016
0.290161
0.290162
0.290162
0.290163
0.290163
0.290163
0.290164
0.290164
0.290164
0.290164
0.290164
0.290164
0.290164
0.290164
0.290164
0.290164
0.290164
0.290164
0.290164
0.290164
0.290164
0.290164
0.290164
0.290164
0.290164
0.290164
0.290164
0.290164
0.290164
0.290164
0.290164
0.290164
0.290164
0.290164
0.290164
0.290164
0.290164
0.290164
0.290164
0.290164
0.290164
0.290164
0.290164
0.290164
0.290164
0.290164
0.290164
0.290164
0.290164
0.290164
0.290164
0.290164
0.290164
0.290164
0.290164
0.290164
0.290164
0.290164
0.290164
0.290164
0.290164
0.290164
0.290164
0.290164
0.290164
0.290165
0.290165
0.290165
0.290165
0.290165
0.290165
0.290165
0.290165
0.290165
0.290165
0.290165
0.290165
0.290165
0.290165
0.290165
0.290165
0.290165
0.290165
0.290165
0.290165
0.290165
0.290165
0.290165
0.290165
0.290165
0.290165
0.290165
0.290165
0.290164
0.290164
0.290164
0.290164
0.290164
0.290164
0.290164
0.290164
0.290164
0.290164
0.290164
0.290164
0.290164
0.290164
0.290165
0.290165
0.290165
0.290165
0.290165
0.290165
0.290165
0.290165
0.290165
0.290165
0.290165
0.290165
0.290165
0.290165
0.290165
0.290166
0.290166
0.290166
0.290166
0.290165
0.290165
0.290165
0.290165
0.290165
0.290165
0.290165
0.290165
0.290165
0.290165
0.290165
0.290165
0.290165
0.290165
0.290165
0.290165
0.290165
0.290165
0.290165
0.290165
0.290165
0.290165
0.290165
0.290165
0.290165
0.290165
0.290165
0.290165
0.290165
0.290165
0.290165
0.290165
0.290165
0.290165
0.290165
0.290165
0.290166
0.290166
0.290166
0.290166
0.290166
0.290166
0.290166
0.290166
0.290166
0.290166
0.290166
0.290166
0.290166
0.290166
0.290165
0.290165
0.290165
0.290165
0.290165
0.290165
0.290165
0.290165
0.290165
0.290165
0.290165
0.290165
0.290165
0.290165
0.290165
0.290165
0.290166
0.290166
0.290166
0.290166
0.290166
0.290166
0.290166
0.290166
0.290166
0.290166
0.290166
0.290166
0.290166
0.290166
0.290166
0.290166
0.290166
0.290166
0.290166
0.290166
0.290166
0.290166
0.290166
0.290166
0.290166
0.290166
0.290165
0.290165
0.290165
0.290165
0.290165
0.290165
0.290165
0.290165
0.290165
0.290165
0.290165
0.290165
0.290165
0.290165
0.290166
0.290166
0.290166
0.290166
0.290166
0.290166
0.290166
0.290166
0.290166
0.290166
0.290166
0.290166
0.290166
0.290166
0.290166
0.290166
0.290166
0.290166
0.290166
0.290166
0.290166
0.290166
0.290166
0.290166
0.290166
0.290166
0.290166
0.290166
0.290165
0.290165
0.290165
0.290165
0.290165
0.290165
0.290165
0.290165
0.290165
0.290165
0.290165
0.290165
0.290166
0.290166
0.290166
0.290166
0.290166
0.290166
0.290166
0.290167
0.290169
0.29016
0.290152
0.290162
0.290184
0.290196
0.290195
0.305583
0.291775
0.29019
0.290116
0.290133
0.290173
0.290176
0.290166
0.290165
0.290166
0.290166
0.290166
0.290166
0.290166
0.290166
0.290166
0.290166
0.290166
0.290166
0.290166
0.290166
0.290166
0.290166
0.290166
0.290166
0.290166
0.290165
0.290165
0.290165
0.290165
0.290165
0.290165
0.290165
0.290165
0.290165
0.290165
0.290165
0.290165
0.290165
0.290165
0.290165
0.290165
0.290165
0.290165
0.290165
0.290165
0.290165
0.290165
0.290165
0.290165
0.290165
0.290165
0.290165
0.290165
0.290165
0.290165
0.290164
0.290164
0.290164
0.290164
0.290164
0.290164
0.290164
0.290164
0.290165
0.290165
0.290165
0.290165
0.290165
0.290165
0.290166
0.290166
0.290166
0.290166
0.290167
0.290167
0.290167
0.290167
0.290167
0.290168
0.290168
0.290168
0.290168
0.290168
0.290168
0.290168
0.290168
0.290168
0.290168
0.290167
0.290167
0.290167
0.290167
0.290167
0.290167
0.290166
0.290166
0.290166
0.290166
0.290166
0.290166
0.290165
0.290165
0.290165
0.290165
0.290165
0.290165
0.290165
0.290165
0.290166
0.290166
0.290166
0.290166
0.290166
0.290166
0.290166
0.290165
0.290165
0.290165
0.290165
0.290165
0.290165
0.290165
0.290165
0.290164
0.290164
0.290164
0.290165
0.290165
0.290165
0.290165
0.290166
0.290166
0.290166
0.290167
0.290167
0.290168
0.290168
0.290168
0.290169
0.290169
0.290169
0.29017
0.29017
0.29017
0.290169
0.290168
0.290166
0.290165
0.290165
0.290165
0.290165
0.290166
0.290167
0.290167
0.290168
0.290169
0.290169
0.290169
0.290169
0.29017
0.29017
0.29017
0.29017
0.290171
0.290171
0.290171
0.290171
0.29017
0.290168
0.290167
0.290166
0.290165
0.290165
0.290165
0.290165
0.290165
0.290166
0.290167
0.290167
0.290168
0.290168
0.290168
0.290168
0.290168
0.290167
0.290167
0.290167
0.290167
0.290168
0.29017
0.290172
0.290173
0.290173
0.290173
0.290173
0.290171
0.29017
0.290169
0.290169
0.290169
0.290169
0.29017
0.290172
0.290172
0.290173
0.290173
0.290173
0.290173
0.290173
0.290174
0.290177
0.290179
0.290181
0.290181
0.290181
0.290178
0.290175
0.290172
0.290171
0.290171
0.290173
0.290178
0.290184
0.29019
0.290196
0.2902
0.290202
0.290204
0.290206
0.29021
0.290216
0.290226
0.29024
0.290257
0.290277
0.290298
0.29032
0.290341
0.290359
0.290373
0.290385
0.290391
0.290393
0.290394
0.290393
0.290393
0.290392
0.290388
0.290381
0.29037
0.290353
0.290331
0.290306
0.290279
0.290253
0.290229
0.290211
0.290199
0.290192
0.290191
0.290191
0.29019
0.290189
0.290187
0.290186
0.290186
0.290187
0.290189
0.290193
0.290198
0.290204
0.290211
0.29022
0.290229
0.29024
0.29025
0.290257
0.290261
0.290261
0.290261
0.290262
0.290266
0.290272
0.29028
0.290286
0.29029
0.290291
0.290287
0.290278
0.290266
0.290253
0.290243
0.290236
0.29023
0.290223
0.290218
0.290217
0.290221
0.290224
0.290213
0.290184
0.290148
0.290114
0.290091
0.290055
0.289993
0.289901
0.289777
0.2896
0.289352
0.289019
0.288583
0.287982
0.287138
0.286007
0.284615
0.280581
0.269137
0.26574
0.26147
0.256786
0.241507
0.233222
0.223131
0.215385
0.207519
0.199734
0.19208
0.177388
0.17204
0.166369
0.161726
0.156114
0.14932
0.141681
0.134275
0.127437
0.121123
0.115047
0.10901
0.102981
0.0970335
0.0912441
0.0856461
0.0802367
0.075005
0.0699482
0.0650726
0.0603877
0.0559011
0.0516168
0.047536
0.0436585
0.0399844
0.0365138
0.0332464
0.0301794
0.0273069
0.0246217
0.0221184
0.0197947
0.0176487
0.0156742
0.0138611
0.0121988
0.0106811
0.00929888
0.0080403
0.0068917
0.00585669
0.00493796
0.00415668
0.00346904
0.00296102
0.00248868
0.00210976
0.00163343
0.00119824
0.000792572
0.000518876
0.000304696
0.000171525
8.68684e-05
4.03887e-05
1.64329e-05
5.8505e-06
2.28483e-06
1.60267e-06
1.33383e-06
1.15064e-06
9.95697e-07
8.57131e-07
7.349e-07
6.27134e-07
5.32535e-07
4.49837e-07
3.77827e-07
3.15376e-07
2.61288e-07
2.14404e-07
1.73575e-07
1.38129e-07
1.07514e-07
8.09671e-08
5.84828e-08
3.98288e-08
2.40116e-08
1.09424e-08
0
0
0
0
0
0
0
0
0
0
0
0
0
0
0
0
0
0
0
0
0
0
0
0
0
0
0
0
0
0
0
0
0
0
0
0
0
0
0
0
0
0
0
0
0
0
0
0
0
0
0
0
0
0
0
0
0
0
0
0
0
0
0
0
0
0
0
0
0
0
0
0
0
0
0
0
0
0
0
0
0
0
0
0
0
0
0
0
0
0
0
0
0
0
0
0
0
0
0
0
0
0
0
0
0
0
0
0
0
0
0
0
0
0
0
0
0
0
0
0
0
0
0
0
0
0
0
0
0
0
0
0
0
0
0
0
0
0
0
0
0
0
0
0
0
0
0
