0.000
0.001
0.002
0.003
0.004
0.004999999999999999
0.006
0.006999999999999999
0.008
0.009000000000000001
0.01
0.011000000000000001
0.012
0.013000000000000001
0.014
0.015000000000000001
0.016
0.017
0.018000000000000002
0.019
0.02
0.021
0.022
0.023
0.024
0.025
0.026
0.027
0.028
0.029
0.03
0.031
0.032
0.033
0.034
0.035
0.036
0.037
0.038
0.039
0.04
0.041
0.042
0.043000000000000003
0.044
0.045
0.046
0.047
0.048
0.049
0.05
0.051000000000000004
0.052
0.053
0.054
0.055
0.056
0.057
0.058
0.059000000000000004
0.06
0.061
0.062
0.063
0.064
0.065
0.066
0.067
0.068
0.069
0.07
0.071
0.072
0.073
0.074
0.075
0.076
0.077
0.078
0.079
0.08
0.081
0.082
0.083
0.084
0.085
0.08600000000000001
0.087
0.088
0.089
0.09
0.091
0.092
0.093
0.094
0.095
0.096
0.097
0.098
0.099
0.1
0.101
0.10200000000000001
0.103
0.104
0.105
0.106
0.107
0.108
0.109
0.11
0.111
0.112
0.113
0.114
0.115
0.116
0.117
0.118
0.119
0.12
0.121
0.122
0.123
0.124
0.125
0.126
0.127
0.128
0.129
0.13
0.131
0.132
0.133
0.134
0.135
0.136
0.137
0.138
0.139
0.14
0.14100000000000001
0.142
0.143
0.144
0.145
0.146
0.147
0.148
0.149
0.15
0.151
0.152
0.153
0.154
0.155
0.156
0.157
0.158
0.159
0.16
0.161
0.162
0.163
0.164
0.165
0.166
0.167
0.168
0.169
0.17
0.171
0.17200000000000001
0.173
0.174
0.175
0.176
0.177
0.178
0.179
0.18
0.181
0.182
0.183
0.184
0.185
0.186
0.187
0.188
0.189
0.19
0.191
0.192
0.193
0.194
0.195
0.196
0.197
0.198
0.199
0.2
0.201
0.202
0.203
0.204
0.205
0.206
0.207
0.208
0.209
0.21
0.211
0.212
0.213
0.214
0.215
0.216
0.217
0.218
0.219
0.22
0.221
0.222
0.223
0.224
0.225
0.226
0.227
0.228
0.229
0.23
0.231
0.232
0.233
0.234
0.235
0.236
0.237
0.238
0.239
0.24
0.241
0.242
0.243
0.244
0.245
0.246
0.247
0.248
0.249
0.25
0.251
0.252
0.253
0.254
0.255
0.256
0.257
0.258
0.259
0.26
0.261
0.262
0.263
0.264
0.265
0.266
0.267
0.268
0.269
0.27
0.271
0.272
0.273
0.274
0.275
0.276
0.277
0.278
0.279
0.28
0.281
0.282
0.283
0.284
0.285
0.286
0.287
0.288
0.289
0.29
0.291
0.292
0.293
0.294
0.295
0.296
0.297
0.298
0.299
0.3
0.301
0.302
0.303
0.304
0.305
0.306
0.307
0.308
0.309
0.31
0.311
0.312
0.313
0.314
0.315
0.316
0.317
0.318
0.319
0.32
0.321
0.322
0.323
0.324
0.325
0.326
0.327
0.328
0.329
0.33
0.331
0.332
0.333
0.334
0.335
0.336
0.337
0.338
0.339
0.34
0.341
0.342
0.343
0.34400000000000003
0.345
0.346
0.347
0.348
0.349
0.35
0.351
0.352
0.353
0.354
0.355
0.356
0.357
0.358
0.359
0.36
0.361
0.362
0.363
0.364
0.365
0.366
0.367
0.368
0.369
0.37
0.371
0.372
0.373
0.374
0.375
0.376
0.377
0.378
0.379
0.38
0.381
0.382
0.383
0.384
0.385
0.386
0.387
0.388
0.389
0.39
0.391
0.392
0.393
0.394
0.395
0.396
0.397
0.398
0.399
0.4
0.401
0.402
0.403
0.404
0.405
0.406
0.407
0.408
0.409
0.41
0.411
0.412
0.413
0.414
0.415
0.416
0.417
0.418
0.419
0.42
0.421
0.422
0.423
0.424
0.425
0.426
0.427
0.428
0.429
0.43
0.431
0.432
0.433
0.434
0.435
0.436
0.437
0.438
0.439
0.44
0.441
0.442
0.443
0.444
0.445
0.446
0.447
0.448
0.449
0.45
0.451
0.452
0.453
0.454
0.455
0.456
0.457
0.458
0.459
0.46
0.461
0.462
0.463
0.464
0.465
0.466
0.467
0.468
0.46900000000000003
0.47
0.471
0.472
0.473
0.474
0.475
0.476
0.477
0.478
0.479
0.48
0.481
0.482
0.483
0.484
0.485
0.486
0.487
0.488
0.489
0.49
0.491
0.492
0.493
0.494
0.495
0.496
0.497
0.498
0.49875
0.49925
0.499625
0.499875
0.500062
0.500188
0.500312
0.500437
0.500563
0.5006879999999999
0.500813
0.500938
0.5011249999999999
0.5013749999999999
0.5017499999999999
0.50225
0.5029999999999999
0.5039999999999999
0.5049999999999999
0.5059999999999999
0.5069999999999999
0.5079999999999999
0.5089999999999999
0.5099999999999999
0.5109999999999999
0.5119999999999999
0.5129999999999999
0.5139999999999999
0.5149999999999999
0.5159999999999999
0.5169999999999999
0.5179999999999999
0.5189999999999999
0.5199999999999999
0.5209999999999999
0.5219999999999999
0.5229999999999999
0.5239999999999999
0.5249999999999999
0.5259999999999999
0.5269999999999999
0.5279999999999999
0.5289999999999999
0.5299999999999999
0.5309999999999999
0.5319999999999999
0.5329999999999999
0.5339999999999999
0.5349999999999999
0.5359999999999999
0.5369999999999999
0.5379999999999999
0.5389999999999999
0.5399999999999999
0.5409999999999999
0.5419999999999999
0.5429999999999999
0.5439999999999999
0.5449999999999999
0.5459999999999999
0.5469999999999999
0.5479999999999999
0.5489999999999999
0.5499999999999999
0.5509999999999999
0.5519999999999999
0.5529999999999999
0.5539999999999999
0.5549999999999999
0.5559999999999999
0.5569999999999999
0.5579999999999999
0.5589999999999999
0.5599999999999999
0.5609999999999999
0.5619999999999999
0.563
0.564
0.565
0.566
0.567
0.568
0.569
0.57
0.571
0.572
0.573
0.574
0.575
0.576
0.577
0.578
0.579
0.58
0.581
0.582
0.583
0.584
0.585
0.586
0.587
0.588
0.589
0.59
0.591
0.592
0.593
0.594
0.595
0.596
0.597
0.598
0.599
0.6
0.601
0.602
0.603
0.604
0.605
0.606
0.607
0.608
0.609
0.61
0.611
0.612
0.613
0.614
0.615
0.616
0.617
0.618
0.619
0.62
0.621
0.622
0.623
0.624
0.625
0.6259999999999999
0.6269999999999999
0.6279999999999999
0.6289999999999999
0.6299999999999999
0.6309999999999999
0.6319999999999999
0.6329999999999999
0.6339999999999999
0.6349999999999999
0.6359999999999999
0.6369999999999999
0.6379999999999999
0.6389999999999999
0.6399999999999999
0.6409999999999999
0.6419999999999999
0.6429999999999999
0.6439999999999999
0.6449999999999999
0.6459999999999999
0.6469999999999999
0.6479999999999999
0.6489999999999999
0.6499999999999999
0.6509999999999999
0.6519999999999999
0.6529999999999999
0.6539999999999999
0.6549999999999999
0.6559999999999999
0.6569999999999999
0.6579999999999999
0.6589999999999999
0.6599999999999999
0.6609999999999999
0.6619999999999999
0.6629999999999999
0.6639999999999999
0.6649999999999999
0.6659999999999999
0.6669999999999999
0.6679999999999999
0.6689999999999999
0.6699999999999999
0.6709999999999999
0.6719999999999999
0.6729999999999999
0.6739999999999999
0.6749999999999999
0.6759999999999999
0.6769999999999999
0.6779999999999999
0.6789999999999999
0.6799999999999999
0.6809999999999999
0.6819999999999999
0.6829999999999999
0.6839999999999999
0.6849999999999999
0.6859999999999999
0.6869999999999999
0.688
0.689
0.69
0.691
0.692
0.693
0.694
0.695
0.696
0.697
0.698
0.699
0.7
0.701
0.702
0.703
0.704
0.705
0.706
0.707
0.708
0.709
0.71
0.711
0.712
0.713
0.714
0.715
0.716
0.717
0.718
0.719
0.72
0.721
0.722
0.723
0.724
0.725
0.726
0.727
0.728
0.729
0.73
0.731
0.732
0.733
0.734
0.735
0.736
0.737
0.738
0.739
0.74
0.741
0.742
0.743
0.744
0.745
0.746
0.747
0.748
0.749
0.75
0.7509999999999999
0.7519999999999999
0.7529999999999999
0.7539999999999999
0.7549999999999999
0.7559999999999999
0.7569999999999999
0.7579999999999999
0.7589999999999999
0.7599999999999999
0.7609999999999999
0.7619999999999999
0.7629999999999999
0.7639999999999999
0.7649999999999999
0.7659999999999999
0.7669999999999999
0.7679999999999999
0.7689999999999999
0.7699999999999999
0.7709999999999999
0.7719999999999999
0.7729999999999999
0.7739999999999999
0.7749999999999999
0.7759999999999999
0.7769999999999999
0.7779999999999999
0.7789999999999999
0.7799999999999999
0.7809999999999999
0.7819999999999999
0.7829999999999999
0.7839999999999999
0.7849999999999999
0.7859999999999999
0.7869999999999999
0.7879999999999999
0.7889999999999999
0.7899999999999999
0.7909999999999999
0.7919999999999999
0.7929999999999999
0.7939999999999999
0.7949999999999999
0.7959999999999999
0.7969999999999999
0.7979999999999999
0.7989999999999999
0.7999999999999999
0.8009999999999999
0.8019999999999999
0.8029999999999999
0.8039999999999999
0.8049999999999999
0.8059999999999999
0.8069999999999999
0.8079999999999999
0.8089999999999999
0.8099999999999999
0.8109999999999999
0.8119999999999999
0.81275
0.8132499999999999
0.81375
0.8142499999999999
0.8146249999999999
0.8148749999999999
0.815125
0.815375
0.8156249999999999
0.8158749999999999
0.816125
0.816313
0.816437
0.8165629999999999
0.8166869999999999
0.8168129999999999
0.8169379999999999
0.817062
0.817187
0.817313
0.817437
0.8175629999999999
0.8176869999999999
0.8178129999999999
0.8179379999999999
0.818062
0.818187
0.818313
0.818437
0.8185629999999999
0.8186869999999999
0.8188129999999999
0.8189379999999999
0.819062
0.819187
0.819313
0.819437
0.8195629999999999
0.8196869999999999
0.8198129999999999
0.819938
0.820062
0.820187
0.820313
0.820437
0.8205629999999999
0.8206869999999999
0.8208129999999999
0.820938
0.821062
0.821187
0.821313
0.821437
0.8215629999999999
0.821687
0.8218129999999999
0.821938
0.822125
0.822375
0.82275
0.8232499999999999
0.824
0.825
0.826
0.827
0.828
0.829
0.83
0.831
0.832
0.833
0.834
0.835
0.836
0.837
0.838
0.839
0.84
0.841
0.842
0.843
0.844
0.845
0.846
0.847
0.848
0.849
0.85
0.851
0.852
0.853
0.854
0.855
0.856
0.857
0.858
0.859
0.86
0.861
0.862
0.863
0.864
0.865
0.866
0.867
0.868
0.869
0.87
0.871
0.872
0.873
0.874
0.875
0.8759999999999999
0.8769999999999999
0.8779999999999999
0.8789999999999999
0.8799999999999999
0.8809999999999999
0.8819999999999999
0.8829999999999999
0.8839999999999999
0.8849999999999999
0.8859999999999999
0.8869999999999999
0.8879999999999999
0.8889999999999999
0.8899999999999999
0.8909999999999999
0.8919999999999999
0.8929999999999999
0.8939999999999999
0.8949999999999999
0.8959999999999999
0.8969999999999999
0.8979999999999999
0.8989999999999999
0.8999999999999999
0.9009999999999999
0.9019999999999999
0.9029999999999999
0.9039999999999999
0.9049999999999999
0.9059999999999999
0.9069999999999999
0.9079999999999999
0.9089999999999999
0.9099999999999999
0.9109999999999999
0.9119999999999999
0.9129999999999999
0.9139999999999999
0.9149999999999999
0.9159999999999999
0.9169999999999999
0.9179999999999999
0.9189999999999999
0.9199999999999999
0.9209999999999999
0.9219999999999999
0.9229999999999999
0.9239999999999999
0.9249999999999999
0.9259999999999999
0.9269999999999999
0.9279999999999999
0.9289999999999999
0.9299999999999999
0.9309999999999999
0.9319999999999999
0.9329999999999999
0.9339999999999999
0.9349999999999999
0.9359999999999999
0.9369999999999999
0.938
0.939
0.94
0.941
0.942
0.943
0.944
0.945
0.946
0.947
0.948
0.949
0.95
0.951
0.952
0.953
0.954
0.955
0.956
0.957
0.958
0.959
0.96
0.961
0.962
0.963
0.964
0.965
0.966
0.967
0.968
0.969
0.97
0.971
0.972
0.973
0.974
0.975
0.976
0.977
0.978
0.979
0.98
0.981
0.982
0.983
0.984
0.985
0.986
0.987
0.988
0.989
0.99
0.991
0.992
0.993
0.994
0.995
0.996
0.997
0.998
0.999
1.0
