  x  rho  u  p 
  5.000000000000000E-004   1.00000000000000       0.000000000000000E+000   1.00000000000000     
  1.500000000000000E-003   1.00000000000000       0.000000000000000E+000   1.00000000000000     
  2.500000000000000E-003   1.00000000000000       0.000000000000000E+000   1.00000000000000     
  3.500000000000000E-003   1.00000000000000       0.000000000000000E+000   1.00000000000000     
  4.500000000000001E-003   1.00000000000000       0.000000000000000E+000   1.00000000000000     
  5.500000000000000E-003   1.00000000000000       0.000000000000000E+000   1.00000000000000     
  6.500000000000001E-003   1.00000000000000       0.000000000000000E+000   1.00000000000000     
  7.500000000000000E-003   1.00000000000000       0.000000000000000E+000   1.00000000000000     
  8.500000000000001E-003   1.00000000000000       0.000000000000000E+000   1.00000000000000     
  9.500000000000001E-003   1.00000000000000       0.000000000000000E+000   1.00000000000000     
  1.050000000000000E-002   1.00000000000000       0.000000000000000E+000   1.00000000000000     
  1.150000000000000E-002   1.00000000000000       0.000000000000000E+000   1.00000000000000     
  1.250000000000000E-002   1.00000000000000       0.000000000000000E+000   1.00000000000000     
  1.350000000000000E-002   1.00000000000000       0.000000000000000E+000   1.00000000000000     
  1.450000000000000E-002   1.00000000000000       0.000000000000000E+000   1.00000000000000     
  1.550000000000000E-002   1.00000000000000       0.000000000000000E+000   1.00000000000000     
  1.650000000000000E-002   1.00000000000000       0.000000000000000E+000   1.00000000000000     
  1.750000000000000E-002   1.00000000000000       0.000000000000000E+000   1.00000000000000     
  1.850000000000000E-002   1.00000000000000       0.000000000000000E+000   1.00000000000000     
  1.950000000000000E-002   1.00000000000000       0.000000000000000E+000   1.00000000000000     
  2.050000000000000E-002   1.00000000000000       0.000000000000000E+000   1.00000000000000     
  2.150000000000000E-002   1.00000000000000       0.000000000000000E+000   1.00000000000000     
  2.250000000000000E-002   1.00000000000000       0.000000000000000E+000   1.00000000000000     
  2.350000000000000E-002   1.00000000000000       0.000000000000000E+000   1.00000000000000     
  2.450000000000000E-002   1.00000000000000       0.000000000000000E+000   1.00000000000000     
  2.550000000000000E-002   1.00000000000000       0.000000000000000E+000   1.00000000000000     
  2.650000000000000E-002   1.00000000000000       0.000000000000000E+000   1.00000000000000     
  2.750000000000000E-002   1.00000000000000       0.000000000000000E+000   1.00000000000000     
  2.850000000000000E-002   1.00000000000000       0.000000000000000E+000   1.00000000000000     
  2.950000000000000E-002   1.00000000000000       0.000000000000000E+000   1.00000000000000     
  3.050000000000000E-002   1.00000000000000       0.000000000000000E+000   1.00000000000000     
  3.150000000000000E-002   1.00000000000000       0.000000000000000E+000   1.00000000000000     
  3.250000000000000E-002   1.00000000000000       0.000000000000000E+000   1.00000000000000     
  3.350000000000000E-002   1.00000000000000       0.000000000000000E+000   1.00000000000000     
  3.450000000000000E-002   1.00000000000000       0.000000000000000E+000   1.00000000000000     
  3.550000000000000E-002   1.00000000000000       0.000000000000000E+000   1.00000000000000     
  3.650000000000000E-002   1.00000000000000       0.000000000000000E+000   1.00000000000000     
  3.750000000000000E-002   1.00000000000000       0.000000000000000E+000   1.00000000000000     
  3.850000000000000E-002   1.00000000000000       0.000000000000000E+000   1.00000000000000     
  3.950000000000000E-002   1.00000000000000       0.000000000000000E+000   1.00000000000000     
  4.050000000000000E-002   1.00000000000000       0.000000000000000E+000   1.00000000000000     
  4.150000000000000E-002   1.00000000000000       0.000000000000000E+000   1.00000000000000     
  4.250000000000000E-002   1.00000000000000       0.000000000000000E+000   1.00000000000000     
  4.350000000000000E-002   1.00000000000000       0.000000000000000E+000   1.00000000000000     
  4.450000000000000E-002   1.00000000000000       0.000000000000000E+000   1.00000000000000     
  4.550000000000000E-002   1.00000000000000       0.000000000000000E+000   1.00000000000000     
  4.650000000000000E-002   1.00000000000000       0.000000000000000E+000   1.00000000000000     
  4.750000000000000E-002   1.00000000000000       0.000000000000000E+000   1.00000000000000     
  4.850000000000000E-002   1.00000000000000       0.000000000000000E+000   1.00000000000000     
  4.950000000000000E-002   1.00000000000000       0.000000000000000E+000   1.00000000000000     
  5.050000000000000E-002   1.00000000000000       0.000000000000000E+000   1.00000000000000     
  5.150000000000000E-002   1.00000000000000       0.000000000000000E+000   1.00000000000000     
  5.250000000000000E-002   1.00000000000000       0.000000000000000E+000   1.00000000000000     
  5.350000000000000E-002   1.00000000000000       0.000000000000000E+000   1.00000000000000     
  5.450000000000000E-002   1.00000000000000       0.000000000000000E+000   1.00000000000000     
  5.550000000000000E-002   1.00000000000000       0.000000000000000E+000   1.00000000000000     
  5.650000000000000E-002   1.00000000000000       0.000000000000000E+000   1.00000000000000     
  5.750000000000000E-002   1.00000000000000       0.000000000000000E+000   1.00000000000000     
  5.850000000000000E-002   1.00000000000000       0.000000000000000E+000   1.00000000000000     
  5.950000000000000E-002   1.00000000000000       0.000000000000000E+000   1.00000000000000     
  6.050000000000000E-002   1.00000000000000       0.000000000000000E+000   1.00000000000000     
  6.150000000000000E-002   1.00000000000000       0.000000000000000E+000   1.00000000000000     
  6.250000000000000E-002   1.00000000000000       0.000000000000000E+000   1.00000000000000     
  6.350000000000000E-002   1.00000000000000       0.000000000000000E+000   1.00000000000000     
  6.450000000000000E-002   1.00000000000000       0.000000000000000E+000   1.00000000000000     
  6.550000000000000E-002   1.00000000000000       0.000000000000000E+000   1.00000000000000     
  6.650000000000000E-002   1.00000000000000       0.000000000000000E+000   1.00000000000000     
  6.750000000000000E-002   1.00000000000000       0.000000000000000E+000   1.00000000000000     
  6.850000000000001E-002   1.00000000000000       0.000000000000000E+000   1.00000000000000     
  6.950000000000001E-002   1.00000000000000       0.000000000000000E+000   1.00000000000000     
  7.050000000000001E-002   1.00000000000000       0.000000000000000E+000   1.00000000000000     
  7.150000000000001E-002   1.00000000000000       0.000000000000000E+000   1.00000000000000     
  7.250000000000001E-002   1.00000000000000       0.000000000000000E+000   1.00000000000000     
  7.350000000000000E-002   1.00000000000000       0.000000000000000E+000   1.00000000000000     
  7.450000000000000E-002   1.00000000000000       0.000000000000000E+000   1.00000000000000     
  7.550000000000000E-002   1.00000000000000       0.000000000000000E+000   1.00000000000000     
  7.650000000000000E-002   1.00000000000000       0.000000000000000E+000   1.00000000000000     
  7.750000000000000E-002   1.00000000000000       0.000000000000000E+000   1.00000000000000     
  7.850000000000000E-002   1.00000000000000       0.000000000000000E+000   1.00000000000000     
  7.950000000000000E-002   1.00000000000000       0.000000000000000E+000   1.00000000000000     
  8.050000000000000E-002   1.00000000000000       0.000000000000000E+000   1.00000000000000     
  8.150000000000000E-002   1.00000000000000       0.000000000000000E+000   1.00000000000000     
  8.250000000000000E-002   1.00000000000000       0.000000000000000E+000   1.00000000000000     
  8.350000000000000E-002   1.00000000000000       0.000000000000000E+000   1.00000000000000     
  8.450000000000001E-002   1.00000000000000       0.000000000000000E+000   1.00000000000000     
  8.550000000000001E-002   1.00000000000000       0.000000000000000E+000   1.00000000000000     
  8.650000000000001E-002   1.00000000000000       0.000000000000000E+000   1.00000000000000     
  8.750000000000001E-002   1.00000000000000       0.000000000000000E+000   1.00000000000000     
  8.850000000000000E-002   1.00000000000000       0.000000000000000E+000   1.00000000000000     
  8.950000000000000E-002   1.00000000000000       0.000000000000000E+000   1.00000000000000     
  9.050000000000000E-002   1.00000000000000       0.000000000000000E+000   1.00000000000000     
  9.150000000000000E-002   1.00000000000000       0.000000000000000E+000   1.00000000000000     
  9.250000000000000E-002   1.00000000000000       0.000000000000000E+000   1.00000000000000     
  9.350000000000000E-002   1.00000000000000       0.000000000000000E+000   1.00000000000000     
  9.450000000000000E-002   1.00000000000000       0.000000000000000E+000   1.00000000000000     
  9.550000000000000E-002   1.00000000000000       0.000000000000000E+000   1.00000000000000     
  9.650000000000000E-002   1.00000000000000       0.000000000000000E+000   1.00000000000000     
  9.750000000000000E-002   1.00000000000000       0.000000000000000E+000   1.00000000000000     
  9.850000000000000E-002   1.00000000000000       0.000000000000000E+000   1.00000000000000     
  9.950000000000001E-002   1.00000000000000       0.000000000000000E+000   1.00000000000000     
  0.100500000000000        1.00000000000000       0.000000000000000E+000   1.00000000000000     
  0.101500000000000        1.00000000000000       0.000000000000000E+000   1.00000000000000     
  0.102500000000000        1.00000000000000       0.000000000000000E+000   1.00000000000000     
  0.103500000000000        1.00000000000000       0.000000000000000E+000   1.00000000000000     
  0.104500000000000        1.00000000000000       0.000000000000000E+000   1.00000000000000     
  0.105500000000000        1.00000000000000       0.000000000000000E+000   1.00000000000000     
  0.106500000000000        1.00000000000000       0.000000000000000E+000   1.00000000000000     
  0.107500000000000        1.00000000000000       0.000000000000000E+000   1.00000000000000     
  0.108500000000000        1.00000000000000       0.000000000000000E+000   1.00000000000000     
  0.109500000000000        1.00000000000000       0.000000000000000E+000   1.00000000000000     
  0.110500000000000        1.00000000000000       0.000000000000000E+000   1.00000000000000     
  0.111500000000000        1.00000000000000       0.000000000000000E+000   1.00000000000000     
  0.112500000000000        1.00000000000000       0.000000000000000E+000   1.00000000000000     
  0.113500000000000        1.00000000000000       0.000000000000000E+000   1.00000000000000     
  0.114500000000000        1.00000000000000       0.000000000000000E+000   1.00000000000000     
  0.115500000000000        1.00000000000000       0.000000000000000E+000   1.00000000000000     
  0.116500000000000        1.00000000000000       0.000000000000000E+000   1.00000000000000     
  0.117500000000000        1.00000000000000       0.000000000000000E+000   1.00000000000000     
  0.118500000000000        1.00000000000000       0.000000000000000E+000   1.00000000000000     
  0.119500000000000        1.00000000000000       0.000000000000000E+000   1.00000000000000     
  0.120500000000000        1.00000000000000       0.000000000000000E+000   1.00000000000000     
  0.121500000000000        1.00000000000000       0.000000000000000E+000   1.00000000000000     
  0.122500000000000        1.00000000000000       0.000000000000000E+000   1.00000000000000     
  0.123500000000000        1.00000000000000       0.000000000000000E+000   1.00000000000000     
  0.124500000000000        1.00000000000000       0.000000000000000E+000   1.00000000000000     
  0.125500000000000        1.00000000000000       0.000000000000000E+000   1.00000000000000     
  0.126500000000000        1.00000000000000       0.000000000000000E+000   1.00000000000000     
  0.127500000000000        1.00000000000000       0.000000000000000E+000   1.00000000000000     
  0.128500000000000        1.00000000000000       0.000000000000000E+000   1.00000000000000     
  0.129500000000000        1.00000000000000       0.000000000000000E+000   1.00000000000000     
  0.130500000000000        1.00000000000000       0.000000000000000E+000   1.00000000000000     
  0.131500000000000        1.00000000000000       0.000000000000000E+000   1.00000000000000     
  0.132500000000000        1.00000000000000       0.000000000000000E+000   1.00000000000000     
  0.133500000000000        1.00000000000000       0.000000000000000E+000   1.00000000000000     
  0.134500000000000        1.00000000000000       0.000000000000000E+000   1.00000000000000     
  0.135500000000000        1.00000000000000       0.000000000000000E+000   1.00000000000000     
  0.136500000000000        1.00000000000000       0.000000000000000E+000   1.00000000000000     
  0.137500000000000        1.00000000000000       0.000000000000000E+000   1.00000000000000     
  0.138500000000000        1.00000000000000       0.000000000000000E+000   1.00000000000000     
  0.139500000000000        1.00000000000000       0.000000000000000E+000   1.00000000000000     
  0.140500000000000        1.00000000000000       0.000000000000000E+000   1.00000000000000     
  0.141500000000000        1.00000000000000       0.000000000000000E+000   1.00000000000000     
  0.142500000000000        1.00000000000000       0.000000000000000E+000   1.00000000000000     
  0.143500000000000        1.00000000000000       0.000000000000000E+000   1.00000000000000     
  0.144500000000000        1.00000000000000       0.000000000000000E+000   1.00000000000000     
  0.145500000000000        1.00000000000000       0.000000000000000E+000   1.00000000000000     
  0.146500000000000        1.00000000000000       0.000000000000000E+000   1.00000000000000     
  0.147500000000000        1.00000000000000       4.192404842499124E-017   1.00000000000000     
  0.148500000000000        1.00000000000000       3.135196566766927E-016   1.00000000000000     
  0.149500000000000       0.999999999999999       1.044419829342704E-015  0.999999999999999     
  0.150500000000000       0.999999999999997       3.334300928706919E-015  0.999999999999996     
  0.151500000000000       0.999999999999993       8.614418517356497E-015  0.999999999999990     
  0.152500000000000       0.999999999999983       2.053422403139144E-014  0.999999999999976     
  0.153500000000000       0.999999999999959       4.820172091018019E-014  0.999999999999943     
  0.154500000000000       0.999999999999906       1.105582344280978E-013  0.999999999999869     
  0.155500000000000       0.999999999999789       2.488086836969546E-013  0.999999999999705     
  0.156500000000000       0.999999999999532       5.524289404492789E-013  0.999999999999344     
  0.157500000000000       0.999999999998971       1.212750747165667E-012  0.999999999998560     
  0.158500000000000       0.999999999997765       2.634438731509105E-012  0.999999999996871     
  0.159500000000000       0.999999999995194       5.664113925192734E-012  0.999999999993272     
  0.160500000000000       0.999999999989774       1.205202159596469E-011  0.999999999985684     
  0.161500000000000       0.999999999978467       2.537849251803202E-011  0.999999999969854     
  0.162500000000000       0.999999999955128       5.288269856400090E-011  0.999999999937179     
  0.163500000000000       0.999999999907475       1.090385808021125E-010  0.999999999870466     
  0.164500000000000       0.999999999811232       2.224506342855723E-010  0.999999999735725     
  0.165500000000000       0.999999999618978       4.489914959602592E-010  0.999999999466568     
  0.166500000000000       0.999999999239171       8.965136652021596E-010  0.999999998934838     
  0.167500000000000       0.999999998497202       1.770725065949143E-009  0.999999997896083     
  0.168500000000000       0.999999997064047       3.459232765635814E-009  0.999999995889667     
  0.169500000000000       0.999999994327308       6.683428194562478E-009  0.999999992058231     
  0.170500000000000       0.999999989161345       1.276920225776020E-008  0.999999984825883     
  0.171500000000000       0.999999979523339       2.412263458611912E-008  0.999999971332675     
  0.172500000000000       0.999999961753717       4.505374451255685E-008  0.999999946455204     
  0.173500000000000       0.999999929382659       8.318171053402339E-008  0.999999901135724     
  0.174500000000000       0.999999871125235       1.517951416185195E-007  0.999999819575336     
  0.175500000000000       0.999999767567136       2.737534411654375E-007  0.999999674594012     
  0.176500000000000       0.999999585776197       4.878290124861882E-007  0.999999420086741     
  0.177500000000000       0.999999270692257       8.588399616324263E-007  0.999998978969360     
  0.178500000000000       0.999998731616896       1.493547029758420E-006  0.999998224264255     
  0.179500000000000       0.999997821416200       2.565120666418901E-006  0.999996949984434     
  0.180500000000000       0.999996305149372       4.350041243054602E-006  0.999994827214115     
  0.181500000000000       0.999993813762076       7.282555239010259E-006  0.999991339280764     
  0.182500000000000       0.999989777314666       1.203317963379982E-005  0.999985688277999     
  0.183500000000000       0.999983331127014       1.961901917633336E-005  0.999976663676442     
  0.184500000000000       0.999973187526390       3.155446848581294E-005  0.999962462789549     
  0.185500000000000       0.999957466069745       5.005064127165355E-005  0.999940453126861     
  0.186500000000000       0.999933476849482       7.826981428254542E-005  0.999906869112653     
  0.187500000000000       0.999897455596171       1.206363435072008E-004  0.999856441417120     
  0.188500000000000       0.999844256575249       1.831969610727093E-004  0.999781967383344     
  0.189500000000000       0.999767020267510       2.740104876790387E-004  0.999673846484007     
  0.190500000000000       0.999656847336216       4.035300401168270E-004  0.999519625145760     
  0.191500000000000       0.999502526969357       5.849214942179296E-004  0.999303618602909     
  0.192500000000000       0.999290383159565       8.342440190608247E-004  0.999006699203187     
  0.193500000000000       0.999004311816574       1.170407793597266E-003  0.998606353694499     
  0.194500000000000       0.998626078581193       1.614827752472797E-003  0.998077107693703     
  0.195500000000000       0.998135926151507       2.190716891288844E-003  0.997391385752171     
  0.196500000000000       0.997513498411393       2.922010984433416E-003  0.996520816742658     
  0.197500000000000       0.996739030340546       3.831984146713852E-003  0.995437911893260     
  0.198500000000000       0.995794688849149       4.941688406710129E-003  0.994117952649842     
  0.199500000000000       0.994665897648891       6.268410390795940E-003  0.992540852228014     
  0.200500000000000       0.993342457263449       7.824363494322183E-003  0.990692724036982     
  0.201500000000000       0.991819291008774       9.615811239376484E-003  0.988566918666869     
  0.202500000000000       0.990096708255607       1.164274810885393E-002  0.986164377307047     
  0.203500000000000       0.988180162557568       1.389916513011228E-002  0.983493271917302     
  0.204500000000000       0.986079570402402       1.637382609501951E-002  0.980568027215788     
  0.205500000000000       0.983808322862865       1.905140342294780E-002  0.977407913180299     
  0.206500000000000       0.981382152787181       2.191378694380791E-002  0.974035438882433     
  0.207500000000000       0.978818012925343       2.494138617267777E-002  0.970474767281865     
  0.208500000000000       0.976133085181136       2.811428620807465E-002  0.966750320010636     
  0.209500000000000       0.973343992938299       3.141317233339473E-002  0.962885672471499     
  0.210500000000000       0.970466241157272       3.481999272582749E-002  0.958902772643889     
  0.211500000000000       0.967513871863001       3.831837174997145E-002  0.954821464763678     
  0.212500000000000       0.964499299109709       4.189381409477646E-002  0.950659266161453     
  0.213500000000000       0.961433276159160       4.553375389946645E-002  0.946431329987409     
  0.214500000000000       0.958324944106318       4.922750794383429E-002  0.942150522147682     
  0.215500000000000       0.955181909371491       5.296619518964063E-002  0.937827538897542     
  0.216500000000000       0.952010289323472       5.674269627958306E-002  0.933470980985371     
  0.217500000000000       0.948814629797676       6.055177825244376E-002  0.929087245427696     
  0.218500000000000       0.945598842091999       6.438917160584832E-002  0.924681814381755     
  0.219500000000000       0.942367478330602       6.824978192770301E-002  0.920261011533682     
  0.220500000000000       0.939124075934946       7.212951685570032E-002  0.915829135661571     
  0.221500000000000       0.935873488866979       7.602254793036552E-002  0.911392807262111     
  0.222500000000000       0.932618362667953       7.992480700803309E-002  0.906956617791160     
  0.223500000000000       0.929360472429487       8.383462314771105E-002  0.902523182328243     
  0.224500000000000       0.926101180881295       8.775044292014939E-002  0.898094267764623     
  0.225500000000000       0.922841515806177       9.167091606982064E-002  0.893671531071533     
  0.226500000000000       0.919582659593230       9.559484913982516E-002  0.889256464084564     
  0.227500000000000       0.916325778759715       9.952119690176318E-002  0.884850325858823     
  0.228500000000000       0.913071702631766       0.103449056339129       0.880454238850311     
  0.229500000000000       0.909821174948848       0.107377618213083       0.876069196319895     
  0.230500000000000       0.906574860009639       0.111306161613947       0.871696086186811     
  0.231500000000000       0.903333355570240       0.115234041485928       0.867335700419011     
  0.232500000000000       0.900097198553230       0.119160681056823       0.862988746089911     
  0.233500000000000       0.896866871971324       0.123085564717345       0.858655854184941     
  0.234500000000000       0.893642810710040       0.127008231797741       0.854337587219191     
  0.235500000000000       0.890425406414671       0.130928271102746       0.850034445949695     
  0.236500000000000       0.887215011512072       0.134845316044797       0.845746875321448     
  0.237500000000000       0.884011942901816       0.138759040579364       0.841475270079728     
  0.238500000000000       0.880816485336882       0.142669155566808       0.837219979824461     
  0.239500000000000       0.877628894289520       0.146575405116861       0.832981313184384     
  0.240500000000000       0.874449398387123       0.150477562988519       0.828759541296219     
  0.241500000000000       0.871278201826007       0.154375429573260       0.824554901208640     
  0.242500000000000       0.868115486920570       0.158268829644667       0.820367599453742     
  0.243500000000000       0.864961416484344       0.162157610429899       0.816197815387074     
  0.244500000000000       0.861816135731724       0.166041639535586       0.812045703881646     
  0.245500000000000       0.858679773761738       0.169920802753527       0.807911397457042     
  0.246500000000000       0.855552444898655       0.173795002064025       0.803795008206001     
  0.247500000000000       0.852434250039684       0.177664154000073       0.799696629714305     
  0.248500000000000       0.849325277966735       0.181528188283956       0.795616338915303     
  0.249500000000000       0.846225606536133       0.185387046592509       0.791554197766392     
  0.250500000000000       0.843135303723166       0.189240681393232       0.787510254719525     
  0.251500000000000       0.840054428547763       0.193089054861802       0.783484546022701     
  0.252500000000000       0.836983031910406       0.196932137897483       0.779477096892136     
  0.253500000000000       0.833921157353053       0.200769909235943       0.775487922575657     
  0.254500000000000       0.830868841750768       0.204602354649624       0.771517029316873     
  0.255500000000000       0.827826115937317       0.208429466225663       0.767564415227777     
  0.256500000000000       0.824793005268102       0.212251241713290       0.763630071077814     
  0.257500000000000       0.821769530125067       0.216067683933971       0.759713981007286     
  0.258500000000000       0.818755706370458       0.219878800248254       0.755816123172252     
  0.259500000000000       0.815751545758317       0.223684602073813       0.751936470327470     
  0.260500000000000       0.812757056312521       0.227485104449781       0.748074990353289     
  0.261500000000000       0.809772242677347       0.231280325643133       0.744231646732087     
  0.262500000000000       0.806797106441447       0.235070286793407       0.740406398979418     
  0.263500000000000       0.803831646431194       0.238855011592077       0.736599203034216     
  0.264500000000000       0.800875858967421       0.242634525992669       0.732810011611542     
  0.265500000000000       0.797929738082933       0.246408857948321       0.729038774521248     
  0.266500000000000       0.794993275705641       0.250178037175011       0.725285438956704     
  0.267500000000000       0.792066461819518       0.253942094939354       0.721549949757777     
  0.268500000000000       0.789149284617920       0.257701063868207       0.717832249650178     
  0.269500000000000       0.786241730660165       0.261454977775196       0.714132279460936     
  0.270500000000000       0.783343785035578       0.265203871500534       0.710449978310526     
  0.271500000000000       0.780455431532670       0.268947780765458       0.706785283786216     
  0.272500000000000       0.777576652804973       0.272686742045780       0.703138132103578     
  0.273500000000000       0.774707430519138       0.276420792464980       0.699508458259132     
  0.274500000000000       0.771847745468496       0.280149969698834       0.695896196169493     
  0.275500000000000       0.768997577641575       0.283874311880385       0.692301278789658     
  0.276500000000000       0.766156906250429       0.287593857502036       0.688723638209981     
  0.277500000000000       0.763325709739836       0.291308645324289       0.685163205742163     
  0.278500000000000       0.760503965804020       0.295018714305337       0.681619912008060     
  0.279500000000000       0.757691651428263       0.298724103556442       0.678093687036534     
  0.280500000000000       0.754888742955549       0.302424852312351       0.674584460360031     
  0.281500000000000       0.752095216165496       0.306120999898010       0.671092161095997     
  0.282500000000000       0.749311046351169       0.309812585679366       0.667616718004134     
  0.283500000000000       0.746536208386490       0.313499649001113       0.664158059523398     
  0.284500000000000       0.743770676784619       0.317182229125695       0.660716113801917     
  0.285500000000000       0.741014425750205       0.320860365187930       0.657290808732656     
  0.286500000000000       0.738267429225831       0.324534096170383       0.653882071999506     
  0.287500000000000       0.735529660929638       0.328203460894027       0.650489831129645     
  0.288500000000000       0.732801094380599       0.331868498013758       0.647114013544037     
  0.289500000000000       0.730081702910699       0.335529246010249       0.643754546599743     
  0.290500000000000       0.727371459667273       0.339185743175147       0.640411357622335     
  0.291500000000000       0.724670337611331       0.342838027591463       0.637084373930663     
  0.292500000000000       0.721978309517851       0.346486137112988       0.633773522857635     
  0.293500000000000       0.719295347982211       0.350130109345833       0.630478731769956     
  0.294500000000000       0.716621425434370       0.353769981633376       0.627199928088191     
  0.295500000000000       0.713956514160079       0.357405791044347       0.623937039307161     
  0.296500000000000       0.711300586326961       0.361037574363029       0.620689993016119     
  0.297500000000000       0.708653614012558       0.364665368080591       0.617458716918129     
  0.298500000000000       0.706015569231503       0.368289208386899       0.614243138848365     
  0.299500000000000       0.703386423959423       0.371909131162553       0.611043186791317     
  0.300500000000000       0.700766150152005       0.375525171971020       0.607858788896990     
  0.301500000000000       0.698154719758561       0.379137366050798       0.604689873496188     
  0.302500000000000       0.695552104730436       0.382745748307576       0.601536369114979     
  0.303500000000000       0.692958277025486       0.386350353306545       0.598398204488507     
  0.304500000000000       0.690373208610369       0.389951215265123       0.595275308574373     
  0.305500000000000       0.687796871462325       0.393548368046074       0.592167610565547     
  0.306500000000000       0.685229237571650       0.397141845150592       0.589075039902384     
  0.307500000000000       0.682670278945706       0.400731679710980       0.585997526283387     
  0.308500000000000       0.680119967615448       0.404317904483569       0.582934999675071     
  0.309500000000000       0.677578275645531       0.407900551843436       0.579887390321972     
  0.310500000000000       0.675045175148028       0.411479653781621       0.576854628757115     
  0.311500000000000       0.672520638297763       0.415055241902776       0.573836645811271     
  0.312500000000000       0.670004637346125       0.418627347419805       0.570833372618294     
  0.313500000000000       0.667497144632112       0.422196001145333       0.567844740616388     
  0.314500000000000       0.664998132593259       0.425761233486358       0.564870681549784     
  0.315500000000000       0.662507573780157       0.429323074450260       0.561911127476544     
  0.316500000000000       0.660025440872928       0.432881553661456       0.558966010781550     
  0.317500000000000       0.657551706690039       0.436436700374144       0.556035264183930     
  0.318500000000000       0.655086344179043       0.439988543464377       0.553118820726994     
  0.319500000000000       0.652629326391417       0.443537111404337       0.550216613753207     
  0.320500000000000       0.650180626460868       0.447082432249806       0.547328576886620     
  0.321500000000000       0.647740217607237       0.450624533676456       0.544454644047765     
  0.322500000000000       0.645308073165649       0.454163443063265       0.541594749499096     
  0.323500000000000       0.642884166607755       0.457699187565814       0.538748827880466     
  0.324500000000000       0.640468471512328       0.461231794104689       0.535916814183322     
  0.325500000000000       0.638060961476928       0.464761289251018       0.533098643653359     
  0.326500000000000       0.635661610021404       0.468287699091392       0.530294251680598     
  0.327500000000000       0.633270390565206       0.471811049210229       0.527503573771936     
  0.328500000000000       0.630887276523365       0.475331364867958       0.524726545657269     
  0.329500000000000       0.628512241474983       0.478848671299997       0.521963103474423     
  0.330500000000000       0.626145259282345       0.482362993930025       0.519213183891447     
  0.331500000000000       0.623786304048577       0.485874358303742       0.516476724038502     
  0.332500000000000       0.621435349906357       0.489382789726132       0.513753661244663     
  0.333500000000000       0.619092370760445       0.492888312811413       0.511043932725842     
  0.334500000000000       0.616757340164153       0.496390951259794       0.508347475434410     
  0.335500000000000       0.614430231442577       0.499890728065056       0.505664226200646     
  0.336500000000000       0.612111018021934       0.503387666092189       0.502994122117143     
  0.337500000000000       0.609799673786600       0.506881788719661       0.500337100958631     
  0.338500000000000       0.607496173256179       0.510373120180292       0.497693101397444     
  0.339500000000000       0.605200491472499       0.513861685396972       0.495062062888537     
  0.340500000000000       0.602912603646980       0.517347509388179       0.492443925282383     
  0.341500000000000       0.600632484743572       0.520830616541938       0.489838628365709     
  0.342500000000000       0.598360109193996       0.524311030103172       0.487246111552373     
  0.343500000000000       0.596095450860504       0.527788772083306       0.484666313851948     
  0.344500000000000       0.593838483234640       0.531263863580066       0.482099174099002     
  0.345500000000000       0.591589179760301       0.534736325316051       0.479544631313715     
  0.346500000000000       0.589347514139421       0.538206178146650       0.477002625033169     
  0.347500000000000       0.587113460517155       0.541673443352260       0.474473095499192     
  0.348500000000000       0.584886993515847       0.545138142657266       0.471955983672391     
  0.349500000000000       0.582668088151924       0.548600298035810       0.469451231115689     
  0.350500000000000       0.580456719701421       0.552059931424645       0.466958779825432     
  0.351500000000000       0.578252863575439       0.555517064459254       0.464478572081524     
  0.352500000000000       0.576056495240474       0.558971718304206       0.462010550356551     
  0.353500000000000       0.573867590188786       0.562423913594511       0.459554657288899     
  0.354500000000000       0.571686123943889       0.565873670465334       0.457110835701190     
  0.355500000000000       0.569512072080048       0.569321008631008       0.454679028637794     
  0.356500000000000       0.567345410239135       0.572765947476927       0.452259179399942     
  0.357500000000000       0.565186114137327       0.576208506140059       0.449851231567319     
  0.358500000000000       0.563034159562417       0.579648703567163       0.447455129004655     
  0.359500000000000       0.560889522367131       0.583086558549626       0.445070815857729     
  0.360500000000000       0.558752178464444       0.586522089739142       0.442698236544814     
  0.361500000000000       0.556622103828924       0.589955315650161       0.440337335748385     
  0.362500000000000       0.554499274505259       0.593386254654397       0.437988058409755     
  0.363500000000000       0.552383666622987       0.596814924970679       0.435650349727667     
  0.364500000000000       0.550275256415516       0.600241344650779       0.433324155161337     
  0.365500000000000       0.548174020241822       0.603665531559404       0.431009420438729     
  0.366500000000000       0.546079934609749       0.607087503345344       0.428706091571079     
  0.367500000000000       0.543992976199833       0.610507277402097       0.426414114873931     
  0.368500000000000       0.541913121887283       0.613924870820564       0.424133436992576     
  0.369500000000000       0.539840348757419       0.617340300343077       0.421864004926263     
  0.370500000000000       0.537774634107356       0.620753582334730       0.419605766042050     
  0.371500000000000       0.535715955425864       0.624164732791481       0.417358668067626     
  0.372500000000000       0.533664290345548       0.627573767401123       0.415122659054787     
  0.373500000000000       0.531619616567975       0.630980701661041       0.412897687312405     
  0.374500000000000       0.529581911772272       0.634385551036486       0.410683701318922     
  0.375500000000000       0.527551153528832       0.637788331119529       0.408480649636926     
  0.376500000000000       0.525527319248220       0.641189057729710       0.406288480861955     
  0.377500000000000       0.523510386196873       0.644587746891591       0.404107143639570     
  0.378500000000000       0.521500331602655       0.647984414639030       0.401936586775641     
  0.379500000000000       0.519497132854183       0.651379076632838       0.399776759444142     
  0.380500000000000       0.517500767770908       0.654771747632254       0.397627611467819     
  0.381500000000000       0.515511214892518       0.658162440919316       0.395489093616670     
  0.382500000000000       0.513528453714412       0.661551167821818       0.393361157846172     
  0.383500000000000       0.511552464789185       0.664937937498143       0.391243757390483     
  0.384500000000000       0.509583229628011       0.668322757122980       0.389136846641444     
  0.385500000000000       0.507620730371890       0.671705632543224       0.387040380783335     
  0.386500000000000       0.505664949256027       0.675086569366638       0.384954315210424     
  0.387500000000000       0.503715867950495       0.678465574322775       0.382878604817811     
  0.388500000000000       0.501773466912116       0.681842656625591       0.380813203310206     
  0.389500000000000       0.499837724911131       0.685217829001409       0.378758062702119     
  0.390500000000000       0.497908618889958       0.688591108049790       0.376713133174585     
  0.391500000000000       0.495986124266326       0.691962513689250       0.374678363404073     
  0.392500000000000       0.494070215713924       0.695332067597311       0.372653701394534     
  0.393500000000000       0.492160868355466       0.698699790756753       0.370639095739521     
  0.394500000000000       0.490258059206950       0.702065700424075       0.368634497140953     
  0.395500000000000       0.488361768637587       0.705429807000685       0.366639859934811     
  0.396500000000000       0.486471981572818       0.708792111378472       0.364655143337765     
  0.397500000000000       0.484588688167056       0.712152603348453       0.362680312130828     
  0.398500000000000       0.482711883695110       0.715511261629575       0.360715336522415     
  0.399500000000000       0.480841567440210       0.718868056027681       0.358760190966008     
  0.400500000000000       0.478977740379342       0.722222952198668       0.356814851733919     
  0.401500000000000       0.477120401491157       0.725575919447962       0.354879293076820     
  0.402500000000000       0.475269542626378       0.728926941761197       0.352953481920666     
  0.403500000000000       0.473425142161909       0.732276031657285       0.351037371346612     
  0.404500000000000       0.471587158288220       0.735623245085754       0.349130893749251     
  0.405500000000000       0.469755523810056       0.738968693314315       0.347233955624775     
  0.406500000000000       0.467930145576396       0.742312544972008       0.345346437192924     
  0.407500000000000       0.466110912581015       0.745655009238800       0.343468200968395     
  0.408500000000000       0.464297716481975       0.748996291609040       0.341599113037905     
  0.409500000000000       0.462490485377074       0.752336519844642       0.339739077751584     
  0.410500000000000       0.460689225928831       0.755675650317303       0.337888080625528     
  0.411500000000000       0.458894060673791       0.759013383395607       0.336046225854042     
  0.412500000000000       0.457105239659257       0.762349134211548       0.334213747144314     
  0.413500000000000       0.455323103919946       0.765682109824971       0.332390969215379     
  0.414500000000000       0.453547987511491       0.769011524471862       0.330578207014837     
  0.415500000000000       0.451780068428145       0.772336932569525       0.328775613941082     
  0.416500000000000       0.450019213039056       0.775658581843213       0.326983025083116     
  0.417500000000000       0.448264886571886       0.778977624009142       0.325199869175837     
  0.418500000000000       0.446516207375825       0.782296004979759       0.323425227233380     
  0.419500000000000       0.444772186001828       0.785615935394862       0.321658077631121     
  0.420500000000000       0.443032101919977       0.788939040027759       0.319897677720512     
  0.421500000000000       0.441295883042509       0.792265486686539       0.318143944110511     
  0.422500000000000       0.439564280866549       0.795593566992466       0.316397622880898     
  0.423500000000000       0.437838669927907       0.798920128953547       0.314660080572050     
  0.424500000000000       0.436120472098351       0.802241875924656       0.312932721770837     
  0.425500000000000       0.434410428815662       0.805557039013344       0.311216260048881     
  0.426500000000000       0.432708110016440       0.808866539950854       0.309510229728499     
  0.427500000000000       0.431012117856142       0.812173561248237       0.307813198000012     
  0.428500000000000       0.429320925785123       0.815481596334726       0.306123623823773     
  0.429500000000000       0.427634062754508       0.818791663480980       0.304441050672570     
  0.430500000000000       0.425952898413294       0.822100548871067       0.302766828945419     
  0.431500000000000       0.424280122324427       0.825402155137514       0.301103504119759     
  0.432500000000000       0.422617814259942       0.828691600355104       0.299453063209887     
  0.433500000000000       0.420965020628523       0.831970023812100       0.297814930309633     
  0.434500000000000       0.419317334217294       0.835246924442295       0.296184959329136     
  0.435500000000000       0.417671787341422       0.838530759790847       0.294559519233152     
  0.436500000000000       0.416029708204702       0.841820283448933       0.292939579353059     
  0.437500000000000       0.414392229099504       0.845111376871585       0.291326658445232     
  0.438500000000000       0.412759416223159       0.848403439393341       0.289720888504183     
  0.439500000000000       0.411131189099428       0.851696587900456       0.288122152877867     
  0.440500000000000       0.409507484480174       0.854991077834458       0.286530372581965     
  0.441500000000000       0.407888255780223       0.858286993147040       0.284945502457955     
  0.442500000000000       0.406273512571510       0.861584572253460       0.283367508316521     
  0.443500000000000       0.404663287341088       0.864883530820850       0.281796427216941     
  0.444500000000000       0.403057603372760       0.868183466491497       0.280232291961672     
  0.445500000000000       0.401456633720187       0.871484317014076       0.278675214456689     
  0.446500000000000       0.399860548245271       0.874785567433426       0.277125360578331     
  0.447500000000000       0.398269569969533       0.878086805481605       0.275582912976071     
  0.448500000000000       0.396683926572844       0.881387337275103       0.274048085061936     
  0.449500000000000       0.395103840984375       0.884686308313422       0.272521094885972     
  0.450500000000000       0.393529587301144       0.887983182721818       0.271002163742530     
  0.451500000000000       0.391961455665733       0.891277365905167       0.269491539846362     
  0.452500000000000       0.390399677220302       0.894568144977161       0.267989434938945     
  0.453500000000000       0.388844462198294       0.897854929371961       0.266496024324775     
  0.454500000000000       0.387295958698893       0.901137054830424       0.265011445611308     
  0.455500000000000       0.385754301632031       0.904414236270129       0.263535787060999     
  0.456500000000000       0.384219594140248       0.907686327424919       0.262069108871682     
  0.457500000000000       0.382691855494227       0.910953156727776       0.260611412964276     
  0.458500000000000       0.381171042145287       0.914214693993504       0.259162635421066     
  0.459500000000000       0.379657053391945       0.917470971940324       0.257722666443167     
  0.460500000000000       0.378149760756839       0.920722296535873       0.256291351691559     
  0.461500000000000       0.376649024263032       0.923969198697462       0.254868514108493     
  0.462500000000000       0.375154643206570       0.927212071046252       0.253453951585185     
  0.463500000000000       0.373666375442383       0.930451387906850       0.252047417728506     
  0.464500000000000       0.372183968134387       0.933687664992843       0.250648656462246     
  0.465500000000000       0.370707162010230       0.936921492566045       0.249257404726451     
  0.466500000000000       0.369235727980010       0.940153686037392       0.247873403243816     
  0.467500000000000       0.367769419518645       0.943384855423591       0.246496408159338     
  0.468500000000000       0.366307964758386       0.946615496096164       0.245126163396222     
  0.469500000000000       0.364851112783609       0.949846235813029       0.243762412126506     
  0.470500000000000       0.363398626834714       0.953077656643707       0.242404920325167     
  0.471500000000000       0.361950285474554       0.956310449928794       0.241053456800464     
  0.472500000000000       0.360505880034137       0.959545292863337       0.239707804758314     
  0.473500000000000       0.359065171730417       0.962782630269092       0.238367749791043     
  0.474500000000000       0.357627931564863       0.966023002760063       0.237033069017290     
  0.475500000000000       0.356193955492976       0.969266994604714       0.235703558333130     
  0.476500000000000       0.354763057307686       0.972515185767842       0.234379031971552     
  0.477500000000000       0.353335071415251       0.975768159310836       0.233059319307567     
  0.478500000000000       0.351909837662522       0.979026287247407       0.231744274644335     
  0.479500000000000       0.350487213578061       0.982289826548002       0.230433770796826     
  0.480500000000000       0.349067117589214       0.985559059643722       0.229127718779142     
  0.481500000000000       0.347649528774501       0.988834136477616       0.227826088914137     
  0.482500000000000       0.346234491650749       0.992115060256386       0.226528909034573     
  0.483500000000000       0.344822117656794       0.995401539857915       0.225236277195533     
  0.484500000000000       0.343412592111029       0.998692926224382       0.223948368871231     
  0.485500000000000       0.342006213038432        1.00198838030303       0.222665445581583     
  0.486500000000000       0.340603405504940        1.00528680876659       0.221387876852667     
  0.487500000000000       0.339204707792594        1.00858677629455       0.220116136645757     
  0.488500000000000       0.337810768358702        1.01188648561212       0.218850796971069     
  0.489500000000000       0.336422341946233        1.01518365149415       0.217592535679718     
  0.490500000000000       0.335040315781787        1.01847560893333       0.216342139737054     
  0.491500000000000       0.333665743039290        1.02175936063881       0.215100526041861     
  0.492500000000000       0.332299839317751        1.02503141296857       0.213868756404008     
  0.493500000000000       0.330943976431092        1.02828775499190       0.212648027422836     
  0.494500000000000       0.329599692334997        1.03152375224179       0.211439683537415     
  0.495500000000000       0.328268735002880        1.03473400848888       0.210245256114471     
  0.496500000000000       0.326953158443030        1.03791233432096       0.209066524126346     
  0.497500000000000       0.325655410267395        1.04105144571905       0.207905594482820     
  0.498500000000000       0.324378372764059        1.04414267359713       0.206764946422298     
  0.499500000000000       0.323125381794779        1.04717576527494       0.205647486238129     
  0.500500000000000       0.321900277538746        1.05013847578389       0.204556665729336     
  0.501500000000000       0.320707556327449        1.05301650098625       0.203496435642208     
  0.502500000000000       0.319553084063005        1.05579238029242       0.202471758129707     
  0.503500000000000       0.318444069333314        1.05844418333480       0.201488837162085     
  0.504500000000000       0.317388543467489        1.06094709570050       0.200554617540348     
  0.505500000000000       0.316394944914317        1.06327489757895       0.199676356818336     
  0.506500000000000       0.315471721345672        1.06540119501447       0.198861283625118     
  0.507500000000000       0.314626882246402        1.06730080707455       0.198116234302484     
  0.508500000000000       0.313867490499292        1.06895119512995       0.197447246068497     
  0.509500000000000       0.313199137551178        1.07033410815655       0.196859080048329     
  0.510500000000000       0.312625456950059        1.07143752741499       0.196354678443725     
  0.511500000000000       0.312147619740413        1.07225762368802       0.195934638093192     
  0.512500000000000       0.311763644051683        1.07280011954034       0.195596860979434     
  0.513500000000000       0.311467646894382        1.07308043304953       0.195336533764114     
  0.514500000000000       0.311250022927240        1.07312253306779       0.195146449485872     
  0.515500000000000       0.311100489774043        1.07295602020420       0.195017834446175     
  0.516500000000000       0.311011319265440        1.07261639818856       0.194940240821079     
  0.517500000000000       0.310975181737293        1.07214624453435       0.194901380110896     
  0.518500000000000       0.310971578838995        1.07158783172532       0.194886661369751     
  0.519500000000000       0.310991483122716        1.07094229664400       0.194899382489907     
  0.520500000000000       0.311044572056680        1.07016811452637       0.194951372413713     
  0.521500000000000       0.311131154594917        1.06928001267540       0.195037678034282     
  0.522500000000000       0.311250275024644        1.06831034256224       0.195147985563437     
  0.523500000000000       0.311405794807141        1.06724563469354       0.195285593268115     
  0.524500000000000       0.311604096793597        1.06605828262448       0.195459997653442     
  0.525500000000000       0.311850920866881        1.06472905561151       0.195676731498348     
  0.526500000000000       0.312150294457634        1.06324536578492       0.195939568502647     
  0.527500000000000       0.312503750475389        1.06160214258707       0.196250129451835     
  0.528500000000000       0.312910208814650        1.05980296535282       0.196607563992578     
  0.529500000000000       0.313367290298434        1.05785716471058       0.197009453913194     
  0.530500000000000       0.313873112169772        1.05577112762783       0.197454288780449     
  0.531500000000000       0.314406231090992        1.05360512563606       0.197923979150868     
  0.532500000000000       0.314926210445766        1.05148324786221       0.198382455035703     
  0.533500000000000       0.315417474040166        1.04945350605709       0.198815441937767     
  0.534500000000000       0.315887362020687        1.04749143299638       0.199229859471534     
  0.535500000000000       0.316340657216848        1.04558213382440       0.199630035640143     
  0.536500000000000       0.316780833007026        1.04371529408705       0.200019010422423     
  0.537500000000000       0.317210463797856        1.04188338549876       0.200398975726860     
  0.538500000000000       0.317631453273477        1.04008077327133       0.200771536434961     
  0.539500000000000       0.318045185484484        1.03830317045280       0.201137870000070     
  0.540500000000000       0.318452711855125        1.03654770141288       0.201498835924986     
  0.541500000000000       0.318854823527954        1.03481216418788       0.201855102446626     
  0.542500000000000       0.319252087548823        1.03309465344092       0.202207193605116     
  0.543500000000000       0.319644924408418        1.03139369287995       0.202555515755006     
  0.544500000000000       0.320033669559867        1.02970813163525       0.202900405176633     
  0.545500000000000       0.320418593526264        1.02803695427076       0.203242144051823     
  0.546500000000000       0.320799936642927        1.02637939452287       0.203580950962252     
  0.547500000000000       0.321177921725300        1.02473484303725       0.203916995127921     
  0.548500000000000       0.321552742475287        1.02310275809089       0.204250403326954     
  0.549500000000000       0.321924564208308        1.02148277014921       0.204581264251742     
  0.550500000000000       0.322293519022974        1.01987469545658       0.204909644534756     
  0.551500000000000       0.322659679599530        1.01827830718915       0.205235604957644     
  0.552500000000000       0.323023050386049        1.01669328643451       0.205559192649574     
  0.553500000000000       0.323383614763212        1.01511949703555       0.205880432994074     
  0.554500000000000       0.323741370530354        1.01355698590957       0.206199346146448     
  0.555500000000000       0.324096313641030        1.01200565489446       0.206515955855388     
  0.556500000000000       0.324448442767893        1.01046538130460       0.206830263595152     
  0.557500000000000       0.324797784660164        1.00893608550481       0.207142263797402     
  0.558500000000000       0.325144377594787        1.00741761923782       0.207451957511208     
  0.559500000000000       0.325488283435378        1.00591001691407       0.207759344160612     
  0.560500000000000       0.325829562489489        1.00441329013969       0.208064440131802     
  0.561500000000000       0.326168230450656        1.00292724407691       0.208367267915497     
  0.562500000000000       0.326504276224738        1.00145173916405       0.208667836390306     
  0.563500000000000       0.326837688023649       0.999986736259595       0.208966156711066     
  0.564500000000000       0.327168448041101       0.998532137488658       0.209262248939112     
  0.565500000000000       0.327496548339289       0.997087863224461       0.209556130567751     
  0.566500000000000       0.327822004906974       0.995653848120077       0.209847820677530     
  0.567500000000000       0.328144855127884       0.994229917217932       0.210137348520678     
  0.568500000000000       0.328465162602902       0.992815899543438       0.210424745856174     
  0.569500000000000       0.328783025272770       0.991411644865672       0.210710059639679     
  0.570500000000000       0.329098552032331       0.990016960462566       0.210993350638485     
  0.571500000000000       0.329411841958241       0.988631502836444       0.211274695208717     
  0.572500000000000       0.329722978037303       0.987254971454395       0.211554164243671     
  0.573500000000000       0.330032044432055       0.985887229807460       0.211831828132802     
  0.574500000000000       0.330339084287276       0.984528046517276       0.212107751512616     
  0.575500000000000       0.330644100272624       0.983177178080425       0.212381973671903     
  0.576500000000000       0.330947074446599       0.981834517627761       0.212654504997335     
  0.577500000000000       0.331247987177693       0.980500064239563       0.212925340456107     
  0.578500000000000       0.331546817233268       0.979173888741542       0.213194458126261     
  0.579500000000000       0.331843549089218       0.977856194362082       0.213461813794354     
  0.580500000000000       0.332138163813550       0.976547072010262       0.213727363720272     
  0.581500000000000       0.332430618791898       0.975246511215339       0.213991052032820     
  0.582500000000000       0.332720902334029       0.973954620477324       0.214252844596436     
  0.583500000000000       0.333009019183197       0.972671470883978       0.214512740782616     
  0.584500000000000       0.333294959575256       0.971397002187742       0.214770742073320     
  0.585500000000000       0.333578721954156       0.970131105103457       0.215026857021537     
  0.586500000000000       0.333860327467671       0.968873656347526       0.215281114627846     
  0.587500000000000       0.334139815444018       0.967624528219533       0.215533557709539     
  0.588500000000000       0.334417230815825       0.966383578593207       0.215784229814872     
  0.589500000000000       0.334692617483333       0.965150654212962       0.216033168828834     
  0.590500000000000       0.334966019702222       0.963925607177075       0.216280409000121     
  0.591500000000000       0.335237484458388       0.962708302113619       0.216525984639262     
  0.592500000000000       0.335507061190046       0.961498605189401       0.216769931695901     
  0.593500000000000       0.335774801703508       0.960296367305588       0.217012289313810     
  0.594500000000000       0.336040762588914       0.959101413198838       0.217253103117328     
  0.595500000000000       0.336305008604863       0.957913536603409       0.217492428705803     
  0.596500000000000       0.336567614851372       0.956732498469319       0.217730333431289     
  0.597500000000000       0.336828667094947       0.955558028542843       0.217966896071305     
  0.598500000000000       0.337088260395391       0.954389832338180       0.218202204784361     
  0.599500000000000       0.337346496033772       0.953227604716452       0.218436353583037     
  0.600500000000000       0.337603476340371       0.952071049090718       0.218669437117348     
  0.601500000000000       0.337859296503315       0.950919897678549       0.218901542986103     
  0.602500000000000       0.338114032738153       0.949773926397263       0.219132740971519     
  0.603500000000000       0.338367728948877       0.948632963790727       0.219363071032316     
  0.604500000000000       0.338620388041750       0.947496904590798       0.219592535544437     
  0.605500000000000       0.338871974081437       0.946365740275653       0.219821101343100     
  0.606500000000000       0.339122424240524       0.945239600953799       0.220048710600446     
  0.607500000000000       0.339371660481784       0.944118779209712       0.220275291419995     
  0.608500000000000       0.339619590200424       0.943003705281312       0.220500758380108     
  0.609500000000000       0.339866095389055       0.941894872849516       0.220725002641836     
  0.610500000000000       0.340111022378846       0.940792751819050       0.220947882617491     
  0.611500000000000       0.340354186985017       0.939697734808123       0.221169228771423     
  0.612500000000000       0.340595399578193       0.938610135990206       0.221388866718154     
  0.613500000000000       0.340834499857392       0.937530216773281       0.221606649162353     
  0.614500000000000       0.341071384665592       0.936458192528350       0.221822481204366     
  0.615500000000000       0.341306019171944       0.935394196696528       0.222036330256627     
  0.616500000000000       0.341538434408620       0.934338219200429       0.222248224142925     
  0.617500000000000       0.341768721087543       0.933290055244959       0.222458246915953     
  0.618500000000000       0.341997027734209       0.932249288161407       0.222666537365163     
  0.619500000000000       0.342223564172824       0.931215308661442       0.222873287047404     
  0.620500000000000       0.342448600166598       0.930187362232360       0.223078731813494     
  0.621500000000000       0.342672438283214       0.929164614294560       0.223283134708684     
  0.622500000000000       0.342895355322753       0.928146223004393       0.223486763262924     
  0.623500000000000       0.343117565355694       0.927131410729920       0.223689864101006     
  0.624500000000000       0.343339299105323       0.926119565306742       0.223892645853777     
  0.625500000000000       0.343560840945176       0.925110099166890       0.224095282273346     
  0.626500000000000       0.343782391025451       0.924102535505637       0.224297908778591     
  0.627500000000000       0.344004315857440       0.923096028355870       0.224500835395399     
  0.628500000000000       0.344226175210874       0.922091328348048       0.224703759288128     
  0.629500000000000       0.344446952191837       0.921091124097994       0.224905876475536     
  0.630500000000000       0.344666151648108       0.920096958443230       0.225106625503442     
  0.631500000000000       0.344883402367181       0.919109888358982       0.225305659874192     
  0.632500000000000       0.345098475319118       0.918130556386762       0.225502759704819     
  0.633500000000000       0.345311305761218       0.917159144035498       0.225697857446014     
  0.634500000000000       0.345521986148152       0.916195391574245       0.225891032693363     
  0.635500000000000       0.345730734731016       0.915238690551024       0.226082481999121     
  0.636500000000000       0.345937843965888       0.914288227347298       0.226272470185481     
  0.637500000000000       0.346143618704791       0.913343146348329       0.226461274399177     
  0.638500000000000       0.346348318383391       0.912402702309449       0.226649133754611     
  0.639500000000000       0.346552115490747       0.911466374572902       0.226836214002964     
  0.640500000000000       0.346755077421297       0.910533919408508       0.227022591793903     
  0.641500000000000       0.346957174664655       0.909605350294207       0.227208260267471     
  0.642500000000000       0.347158313487267       0.908680855765999       0.227393154550071     
  0.643500000000000       0.347358385536592       0.907760676503942       0.227577191395709     
  0.644500000000000       0.347557321442803       0.906844972946929       0.227760312680240     
  0.645500000000000       0.347755132376192       0.905933723765606       0.227942519527739     
  0.646500000000000       0.347951927673803       0.905026684270847       0.228123887361286     
  0.647500000000000       0.348147901872422       0.904123418384154       0.228304556528257     
  0.648500000000000       0.348343290626510       0.903223403105458       0.228484698046688     
  0.649500000000000       0.348538308326204       0.902326173486861       0.228664465149983     
  0.650500000000000       0.348733086516430       0.901431463079711       0.228843946063696     
  0.651500000000000       0.348927625381498       0.900539313469081       0.229023126832730     
  0.652500000000000       0.349121775814136       0.899650107616140       0.229201879104085     
  0.653500000000000       0.349315256296618       0.898764513826104       0.229379977471795     
  0.654500000000000       0.349507694455969       0.897883369077487       0.229557137421676     
  0.655500000000000       0.349698697746977       0.897007492253368       0.229733078247333     
  0.656500000000000       0.349887921510238       0.896137521070760       0.229907578509614     
  0.657500000000000       0.350075110075269       0.895273835345110       0.230080496539815     
  0.658500000000000       0.350260149177106       0.894416518837216       0.230251801658729     
  0.659500000000000       0.350443095442141       0.893565301103122       0.230421586791417     
  0.660500000000000       0.350624157936896       0.892719665247219       0.230590004430892     
  0.661500000000000       0.350803740924714       0.891878905413823       0.230757296836739     
  0.662500000000000       0.350982346770444       0.891042117061889       0.230923766034895     
  0.663500000000000       0.351160445262247       0.890208487902527       0.231089684107653     
  0.664500000000000       0.351338378797327       0.889377434601425       0.231255245786625     
  0.665500000000000       0.351516348103569       0.888548583805353       0.231420571640426     
  0.666500000000000       0.351694571065278       0.887721478289855       0.231585818839977     
  0.667500000000000       0.351873471364597       0.886895181955690       0.231751316880693     
  0.668500000000000       0.352053128056482       0.886069177199216       0.231917205892835     
  0.669500000000000       0.352232488962301       0.885245665239257       0.232082765413822     
  0.670500000000000       0.352410434297575       0.884426911723348       0.232247194669433     
  0.671500000000000       0.352586469505273       0.883613626684307       0.232410257394763     
  0.672500000000000       0.352760191023800       0.882806294965266       0.232571814697363     
  0.673500000000000       0.352931416162597       0.882004951728424       0.232731857097599     
  0.674500000000000       0.353100289767471       0.881209292484006       0.232890479974098     
  0.675500000000000       0.353267209182981       0.880418875106604       0.233047777768322     
  0.676500000000000       0.353432817649454       0.879633019753310       0.233204002871853     
  0.677500000000000       0.353597682788451       0.878850640503538       0.233359522149839     
  0.678500000000000       0.353762152016352       0.878070824460469       0.233514646161234     
  0.679500000000000       0.353926479208600       0.877292892769909       0.233669614210909     
  0.680500000000000       0.354090854939581       0.876516154092504       0.233824634291405     
  0.681500000000000       0.354255205642717       0.875740312746649       0.233979782817064     
  0.682500000000000       0.354419194817026       0.874965524391107       0.234135027284015     
  0.683500000000000       0.354582256204973       0.874192508114664       0.234290177012254     
  0.684500000000000       0.354743759315427       0.873422342080850       0.234444836088943     
  0.685500000000000       0.354903243487621       0.872656169145383       0.234598638675980     
  0.686500000000000       0.355060620013323       0.871895141974902       0.234751079667089     
  0.687500000000000       0.355216563176470       0.871140311825915       0.234901870693969     
  0.688500000000000       0.355371957662656       0.870392032445974       0.235050873997724     
  0.689500000000000       0.355527645685087       0.869650277708551       0.235197964360608     
  0.690500000000000       0.355684468556992       0.868915091460232       0.235342806941037     
  0.691500000000000       0.355845827706359       0.868186788253243       0.235485795125734     
  0.692500000000000       0.356019899701563       0.867456562784099       0.235630501029918     
  0.693500000000000       0.356209912731051       0.866719267098833       0.235779011605400     
  0.694500000000000       0.356399505206377       0.865987690276538       0.235923569364931     
  0.695500000000000       0.356574635697768       0.865268911103107       0.236064606573656     
  0.696500000000000       0.356728804378443       0.864550243814934       0.236206329918989     
  0.697500000000000       0.356853724397681       0.863829906999246       0.236349370738705     
  0.698500000000000       0.356944528480548       0.863106052687405       0.236494556603321     
  0.699500000000000       0.357000478666271       0.862378875584442       0.236641896782638     
  0.700500000000000       0.357026020029524       0.861651113335261       0.236790509601507     
  0.701500000000000       0.357032452035519       0.860927703439108       0.236938690046081     
  0.702500000000000       0.357024880107084       0.860215929490323       0.237081687256411     
  0.703500000000000       0.356994000653764       0.859518884519822       0.237219234415282     
  0.704500000000000       0.356927117711061       0.858828226229905       0.237355382162212     
  0.705500000000000       0.356810254368872       0.858138020660808       0.237492091722417     
  0.706500000000000       0.356625064327262       0.857449530856525       0.237628546260037     
  0.707500000000000       0.356338565134333       0.856748674500683       0.237767182507426     
  0.708500000000000       0.355889910893250       0.856034804902476       0.237910713312199     
  0.709500000000000       0.355207403088069       0.855332155681711       0.238052226470415     
  0.710500000000000       0.354222494448212       0.854645358755054       0.238188303615174     
  0.711500000000000       0.352856495851674       0.853962984657934       0.238322744432046     
  0.712500000000000       0.351010000193035       0.853283646884582       0.238456118881653     
  0.713500000000000       0.348563520553246       0.852611331947693       0.238586387145376     
  0.714500000000000       0.345383021508733       0.851946073210422       0.238713760422465     
  0.715500000000000       0.341319777474199       0.851281630452538       0.238839882581507     
  0.716500000000000       0.336210623107647       0.850613352043768       0.238966042107624     
  0.717500000000000       0.329883785956805       0.849941038269334       0.239091943091059     
  0.718500000000000       0.322166819549697       0.849266694257134       0.239216177612142     
  0.719500000000000       0.312899910763449       0.848589838235508       0.239338667919618     
  0.720500000000000       0.302145936170878       0.847934931754561       0.239448980179400     
  0.721500000000000       0.291068946466420       0.847298378748267       0.239551307254355     
  0.722500000000000       0.281020350961210       0.846651539826094       0.239653069798656     
  0.723500000000000       0.272096643554261       0.846006630440602       0.239751471390782     
  0.724500000000000       0.264271844536598       0.845364764305288       0.239846307302202     
  0.725500000000000       0.257491568963023       0.844724845538195       0.239938401876736     
  0.726500000000000       0.251682865462007       0.844084818905213       0.240028403212867     
  0.727500000000000       0.246761287398165       0.843444489846676       0.240116955194072     
  0.728500000000000       0.242636283625178       0.842803211860430       0.240204570751207     
  0.729500000000000       0.239215621324307       0.842161331775789       0.240291290257994     
  0.730500000000000       0.236408964313381       0.841520212366448       0.240376918464734     
  0.731500000000000       0.234130729058015       0.840880824679131       0.240461453208131     
  0.732500000000000       0.232301629444020       0.840244656441278       0.240544703159165     
  0.733500000000000       0.230849976776350       0.839613263972356       0.240626341142160     
  0.734500000000000       0.229712453363087       0.838986784975917       0.240706444026437     
  0.735500000000000       0.228833672622540       0.838365684759657       0.240785038455393     
  0.736500000000000       0.228165618715321       0.837751213304325       0.240861904432387     
  0.737500000000000       0.227667363506348       0.837140668713974       0.240937826308534     
  0.738500000000000       0.227303632142843       0.836534350282146       0.241012663997015     
  0.739500000000000       0.227045821571655       0.835936076937842       0.241086309808314     
  0.740500000000000       0.226869053871830       0.835338706005467       0.241159414002970     
  0.741500000000000       0.226750894206981       0.834735876396121       0.241233559526820     
  0.742500000000000       0.226675325309384       0.834130860589937       0.241309148921857     
  0.743500000000000       0.226631951892561       0.833525511639434       0.241385143865520     
  0.744500000000000       0.226610955532271       0.832920414349345       0.241461121201149     
  0.745500000000000       0.226603689177670       0.832320639627309       0.241535951707793     
  0.746500000000000       0.226605045203771       0.831731439578923       0.241607436024683     
  0.747500000000000       0.226620410621234       0.831148816601167       0.241678242464829     
  0.748500000000000       0.226660601713619       0.830559515454852       0.241751377268993     
  0.749500000000000       0.226728985274146       0.829963576090612       0.241827117221584     
  0.750500000000000       0.226824597963189       0.829360047734882       0.241906272391305     
  0.751500000000000       0.226931033707003       0.828763366163127       0.241982280941993     
  0.752500000000000       0.227031246304238       0.828184582906331       0.242053600799596     
  0.753500000000000       0.227124418417857       0.827608925548641       0.242125059875635     
  0.754500000000000       0.227212504294441       0.827032133380428       0.242197020470858     
  0.755500000000000       0.227296829332770       0.826456977273291       0.242268965280937     
  0.756500000000000       0.227378464611395       0.825882538281660       0.242340931137090     
  0.757500000000000       0.227458073530160       0.825309067425658       0.242412950321677     
  0.758500000000000       0.227535922292416       0.824736926510214       0.242484959966703     
  0.759500000000000       0.227611993008667       0.824166475897995       0.242556731584485     
  0.760500000000000       0.227686290574189       0.823598819708842       0.242628081411471     
  0.761500000000000       0.227758881079786       0.823034037418013       0.242698946699498     
  0.762500000000000       0.227829962024712       0.822471999484984       0.242769360606405     
  0.763500000000000       0.227899853971815       0.821912384389162       0.242839438622195     
  0.764500000000000       0.227968956073479       0.821354759597015       0.242909320540212     
  0.765500000000000       0.228037656435979       0.820798871926661       0.242979083339393     
  0.766500000000000       0.228106252495667       0.820244270897233       0.243048821765529     
  0.767500000000000       0.228174944774955       0.819690349615395       0.243118695703010     
  0.768500000000000       0.228243909047862       0.819136536555202       0.243188866191196     
  0.769500000000000       0.228313156584804       0.818583457961288       0.243259161866395     
  0.770500000000000       0.228382582074018       0.818033409678575       0.243328985277419     
  0.771500000000000       0.228452184043944       0.817487978782491       0.243397852070413     
  0.772500000000000       0.228522325700184       0.816947150520225       0.243465863611728     
  0.773500000000000       0.228592718111701       0.816410584958519       0.243532921858208     
  0.774500000000000       0.228662590886729       0.815878204959642       0.243599109201879     
  0.775500000000000       0.228731691470291       0.815349085543201       0.243664641370235     
  0.776500000000000       0.228799970779596       0.814822372930038       0.243729807306642     
  0.777500000000000       0.228867493752796       0.814297062522921       0.243794897831587     
  0.778500000000000       0.228934419090296       0.813772502268284       0.243860081796015     
  0.779500000000000       0.229000977823922       0.813248227137668       0.243925469446798     
  0.780500000000000       0.229067401490157       0.812723885568281       0.243991185311141     
  0.781500000000000       0.229133855962272       0.812199081894306       0.244057387295218     
  0.782500000000000       0.229200525787255       0.811673147560597       0.244124303245258     
  0.783500000000000       0.229267684262650       0.811145142104176       0.244192176336130     
  0.784500000000000       0.229334911825771       0.810616998560416       0.244260398686442     
  0.785500000000000       0.229401355084075       0.810093037248548       0.244327793490208     
  0.786500000000000       0.229466743403873       0.809574835547179       0.244393864641018     
  0.787500000000000       0.229531118398848       0.809061909479013       0.244458760308793     
  0.788500000000000       0.229594604857141       0.808553442879484       0.244522727372953     
  0.789500000000000       0.229657376449673       0.808048516611527       0.244586046905202     
  0.790500000000000       0.229719615155366       0.807546237123810       0.244648964001281     
  0.791500000000000       0.229781503011511       0.807045846534911       0.244711666664057     
  0.792500000000000       0.229843225164596       0.806546796697871       0.244774283745339     
  0.793500000000000       0.229904921963451       0.806048645763775       0.244836901165900     
  0.794500000000000       0.229966717455150       0.805550856607955       0.244899661759076     
  0.795500000000000       0.230028774278612       0.805052725311440       0.244962776297841     
  0.796500000000000       0.230091194159834       0.804553943553652       0.245026354930344     
  0.797500000000000       0.230153828098383       0.804055846736576       0.245090065864077     
  0.798500000000000       0.230216222886346       0.803560747493011       0.245153225620798     
  0.799500000000000       0.230278067770163       0.803069596845019       0.245215537022148     
  0.800500000000000       0.230339356592444       0.802582065431979       0.245277095187810     
  0.801500000000000       0.230400140508691       0.802097693718997       0.245338058193432     
  0.802500000000000       0.230460490572263       0.801615924792537       0.245398628804910     
  0.803500000000000       0.230520478964126       0.801136204627277       0.245459009637049     
  0.804500000000000       0.230580207651782       0.800658023359880       0.245519367614560     
  0.805500000000000       0.230639819480763       0.800180745211266       0.245579852605311     
  0.806500000000000       0.230699423525309       0.799703750716818       0.245640569867449     
  0.807500000000000       0.230759120791402       0.799226381708291       0.245701641922029     
  0.808500000000000       0.230819053744620       0.798747710448729       0.245763259950778     
  0.809500000000000       0.230879411479746       0.798266822755725       0.245825697639210     
  0.810500000000000       0.230940418119168       0.797782964901706       0.245889244506975     
  0.811500000000000       0.231001518179265       0.797299188023909       0.245953071393752     
  0.812500000000000       0.231061806788987       0.796820600761256       0.246015830783584     
  0.813500000000000       0.231121013370366       0.796348507334978       0.246077069757860     
  0.814500000000000       0.231179239926197       0.795882127069980       0.246136989038598     
  0.815500000000000       0.231236660012367       0.795420327262873       0.246195884524609     
  0.816500000000000       0.231293455363318       0.794961969191213       0.246254079558784     
  0.817500000000000       0.231349758445906       0.794506039891446       0.246311870143155     
  0.818500000000000       0.231405675846058       0.794051743855969       0.246369483328768     
  0.819500000000000       0.231461382679362       0.793598473814778       0.246427102099394     
  0.820500000000000       0.231517047426657       0.793145599833343       0.246484881698992     
  0.821500000000000       0.231572780865077       0.792692536117721       0.246543003383626     
  0.822500000000000       0.231628724988715       0.792238582936559       0.246601686423936     
  0.823500000000000       0.231685070377627       0.791782866264546       0.246661187796397     
  0.824500000000000       0.231741967856431       0.791324800135389       0.246721666014402     
  0.825500000000000       0.231798694881991       0.790868139346477       0.246782046506760     
  0.826500000000000       0.231854526257158       0.790416921852492       0.246841205058790     
  0.827500000000000       0.231909536591214       0.789971238410707       0.246899077109903     
  0.828500000000000       0.231963948423165       0.789530051735907       0.246955955431443     
  0.829500000000000       0.232018023101793       0.789091940049238       0.247012227545814     
  0.830500000000000       0.232071977639674       0.788655612233763       0.247068237256472     
  0.831500000000000       0.232125952057519       0.788220229987671       0.247124216302646     
  0.832500000000000       0.232180085245217       0.787784871086540       0.247180411515549     
  0.833500000000000       0.232234556653390       0.787348403229863       0.247237144322693     
  0.834500000000000       0.232289602225788       0.786909480879518       0.247294817180222     
  0.835500000000000       0.232345565623797       0.786466436695497       0.247353913177781     
  0.836500000000000       0.232401725405549       0.786022488948928       0.247413512631571     
  0.837500000000000       0.232456614300815       0.785584976009909       0.247471627957738     
  0.838500000000000       0.232509791085251       0.785156425252805       0.247527517755411     
  0.839500000000000       0.232561522572657       0.784735290070539       0.247581623883839     
  0.840500000000000       0.232612202582435       0.784319427139214       0.247634543903713     
  0.841500000000000       0.232662224577748       0.783906820869456       0.247686849865986     
  0.842500000000000       0.232711938077564       0.783495994632348       0.247738958944665     
  0.843500000000000       0.232761605671719       0.783085925185474       0.247791140120511     
  0.844500000000000       0.232811432087282       0.782675600875587       0.247843665316887     
  0.845500000000000       0.232861664552868       0.782263819398718       0.247896868693419     
  0.846500000000000       0.232912568594863       0.781849302780985       0.247951112029370     
  0.847500000000000       0.232964393253298       0.781430865029387       0.248006736738366     
  0.848500000000000       0.233017333738050       0.781007557450771       0.248064003647231     
  0.849500000000000       0.233071404892648       0.780579448007015       0.248122872053156     
  0.850500000000000       0.233125212150373       0.780153743675158       0.248181311847428     
  0.851500000000000       0.233177494805684       0.779736450335710       0.248237587922540     
  0.852500000000000       0.233228380162192       0.779326992106762       0.248291881401591     
  0.853500000000000       0.233278269857756       0.778923426700243       0.248344763984037     
  0.854500000000000       0.233327669103243       0.778523388591421       0.248396927587460     
  0.855500000000000       0.233376967192537       0.778125147333469       0.248448892377412     
  0.856500000000000       0.233426465798857       0.777727112202168       0.248501115407080     
  0.857500000000000       0.233476482229315       0.777327381804399       0.248554125357271     
  0.858500000000000       0.233527494888011       0.776923325974142       0.248608676784891     
  0.859500000000000       0.233580171530335       0.776511331148152       0.248665758729192     
  0.860500000000000       0.233634901073852       0.776089127114891       0.248725957067592     
  0.861500000000000       0.233688754223406       0.775670704867347       0.248785336478132     
  0.862500000000000       0.233738833783633       0.775268889563528       0.248840142351948     
  0.863500000000000       0.233785461118449       0.774881984445727       0.248890877446299     
  0.864500000000000       0.233829733584118       0.774505099569370       0.248938920109068     
  0.865500000000000       0.233872898663858       0.774133335304568       0.248985701284457     
  0.866500000000000       0.233915855710738       0.773763367399150       0.249032198359448     
  0.867500000000000       0.233959366065733       0.773392100195842       0.249079339433434     
  0.868500000000000       0.234004393642270       0.773015545238650       0.249128301545325     
  0.869500000000000       0.234051916624399       0.772629671075875       0.249180285686712     
  0.870500000000000       0.234102147501007       0.772233235332964       0.249235592797372     
  0.871500000000000       0.234153750734436       0.771835617936301       0.249291632796132     
  0.872500000000000       0.234204635915398       0.771447590196494       0.249345125436086     
  0.873500000000000       0.234254035568032       0.771069118080510       0.249396147549318     
  0.874500000000000       0.234302647242886       0.770694945693702       0.249446213933228     
  0.875500000000000       0.234351033819162       0.770321993325289       0.249496253744872     
  0.876500000000000       0.234399603983611       0.769947907438762       0.249546854278102     
  0.877500000000000       0.234448833918981       0.769569964688454       0.249598818815824     
  0.878500000000000       0.234498607586967       0.769188670790576       0.249651981322905     
  0.879500000000000       0.234547412619304       0.768811716172463       0.249704186573766     
  0.880500000000000       0.234594317733123       0.768442504648781       0.249754347877345     
  0.881500000000000       0.234639817615371       0.768076997870321       0.249803612850740     
  0.882500000000000       0.234684826333821       0.767711651267303       0.249853105761579     
  0.883500000000000       0.234730238701164       0.767342475481811       0.249903904395504     
  0.884500000000000       0.234777133099028       0.766963397390690       0.249957913972543     
  0.885500000000000       0.234826882690780       0.766567252128493       0.250017213654188     
  0.886500000000000       0.234875952575538       0.766172608933487       0.250076404892794     
  0.887500000000000       0.234920069890046       0.765805355037945       0.250128093260430     
  0.888500000000000       0.234960418491027       0.765464835766043       0.250172365386325     
  0.889500000000000       0.234999714196361       0.765138739387639       0.250212774953631     
  0.890500000000000       0.235039438798198       0.764816614506747       0.250252217004606     
  0.891500000000000       0.235080560194624       0.764490572395233       0.250292887135080     
  0.892500000000000       0.235124983134376       0.764149727895002       0.250337888628694     
  0.893500000000000       0.235175263653490       0.763778678635084       0.250391725098175     
  0.894500000000000       0.235234611685852       0.763360572686311       0.250459315109334     
  0.895500000000000       0.235295871528268       0.762924443401745       0.250532300339096     
  0.896500000000000       0.235345356134165       0.762535360515058       0.250592044610794     
  0.897500000000000       0.235382052722264       0.762208516633980       0.250634337291988     
  0.898500000000000       0.235412687316601       0.761915080603537       0.250667389492922     
  0.899500000000000       0.235442236369463       0.761631610254873       0.250697796529608     
  0.900500000000000       0.235474215819029       0.761341695763852       0.250730491744851     
  0.901500000000000       0.235512507074231       0.761027794203324       0.250770309441947     
  0.902500000000000       0.235562938416784       0.760661202631104       0.250825518504394     
  0.903500000000000       0.235619890286145       0.760267541500745       0.250888545400226     
  0.904500000000000       0.235683842970224       0.759841952961931       0.250960967482178     
  0.905500000000000       0.235739349708225       0.759459274800864       0.251021161088692     
  0.906500000000000       0.235779103638061       0.759150958594085       0.251060271453714     
  0.907500000000000       0.235814648024902       0.758858603655761       0.251094823776907     
  0.908500000000000       0.235839740168767       0.758601937920972       0.251119211513515     
  0.909500000000000       0.235875511794312       0.758273202141517       0.251164128805486     
  0.910500000000000       0.235900328119098       0.757980660526095       0.251198228817837     
  0.911500000000000       0.235926516397867       0.757669163629531       0.251239833248498     
  0.912500000000000       0.236020758189786       0.757055277128187       0.251368315009846     
  0.913500000000000       0.236052068394334       0.756730678019957       0.251405933787593     
  0.914500000000000       0.236137503050013       0.755876107311857       0.251452285841091     
  0.915500000000000       0.235091328913071       0.751446508374297       0.249899218121514     
  0.916500000000000       0.223908807401408       0.696069461360863       0.234115188368376     
  0.917500000000000       0.175500830233216       0.416705439881481       0.167635229512132     
  0.918500000000000       0.130826609274603       5.207170636468667E-002  0.107035606780996     
  0.919500000000000       0.125236622372334       2.014047965173234E-003  0.100266610780319     
  0.920500000000000       0.125008021114746       6.793065512561961E-005  0.100008986143559     
  0.921500000000000       0.125000270485199       2.290174371111119E-006  0.100000302946793     
  0.922500000000000       0.125000009023839       7.640329267185405E-008  0.100000010106704     
  0.923500000000000       0.125000000301435       2.552194766674846E-009  0.100000000337607     
  0.924500000000000       0.125000000010020       8.484124656999677E-011  0.100000000011223     
  0.925500000000000       0.125000000000332       2.813805684357241E-012  0.100000000000372     
  0.926500000000000       0.125000000000011       9.318375703175165E-014  0.100000000000012     
  0.927500000000000       0.125000000000000       3.058634122002868E-015  0.100000000000000     
  0.928500000000000       0.125000000000000       4.192404842499124E-017  0.100000000000000     
  0.929500000000000       0.125000000000000       0.000000000000000E+000  0.100000000000000     
  0.930500000000000       0.125000000000000       0.000000000000000E+000  0.100000000000000     
  0.931500000000000       0.125000000000000       0.000000000000000E+000  0.100000000000000     
  0.932500000000000       0.125000000000000       0.000000000000000E+000  0.100000000000000     
  0.933500000000000       0.125000000000000       0.000000000000000E+000  0.100000000000000     
  0.934500000000000       0.125000000000000       0.000000000000000E+000  0.100000000000000     
  0.935500000000000       0.125000000000000       0.000000000000000E+000  0.100000000000000     
  0.936500000000000       0.125000000000000       0.000000000000000E+000  0.100000000000000     
  0.937500000000000       0.125000000000000       0.000000000000000E+000  0.100000000000000     
  0.938500000000000       0.125000000000000       0.000000000000000E+000  0.100000000000000     
  0.939500000000000       0.125000000000000       0.000000000000000E+000  0.100000000000000     
  0.940500000000000       0.125000000000000       0.000000000000000E+000  0.100000000000000     
  0.941500000000000       0.125000000000000       0.000000000000000E+000  0.100000000000000     
  0.942500000000000       0.125000000000000       0.000000000000000E+000  0.100000000000000     
  0.943500000000000       0.125000000000000       0.000000000000000E+000  0.100000000000000     
  0.944500000000000       0.125000000000000       0.000000000000000E+000  0.100000000000000     
  0.945500000000000       0.125000000000000       0.000000000000000E+000  0.100000000000000     
  0.946500000000000       0.125000000000000       0.000000000000000E+000  0.100000000000000     
  0.947500000000000       0.125000000000000       0.000000000000000E+000  0.100000000000000     
  0.948500000000000       0.125000000000000       0.000000000000000E+000  0.100000000000000     
  0.949500000000000       0.125000000000000       0.000000000000000E+000  0.100000000000000     
  0.950500000000000       0.125000000000000       0.000000000000000E+000  0.100000000000000     
  0.951500000000000       0.125000000000000       0.000000000000000E+000  0.100000000000000     
  0.952500000000000       0.125000000000000       0.000000000000000E+000  0.100000000000000     
  0.953500000000000       0.125000000000000       0.000000000000000E+000  0.100000000000000     
  0.954500000000000       0.125000000000000       0.000000000000000E+000  0.100000000000000     
  0.955500000000000       0.125000000000000       0.000000000000000E+000  0.100000000000000     
  0.956500000000000       0.125000000000000       0.000000000000000E+000  0.100000000000000     
  0.957500000000000       0.125000000000000       0.000000000000000E+000  0.100000000000000     
  0.958500000000000       0.125000000000000       0.000000000000000E+000  0.100000000000000     
  0.959500000000000       0.125000000000000       0.000000000000000E+000  0.100000000000000     
  0.960500000000000       0.125000000000000       0.000000000000000E+000  0.100000000000000     
  0.961500000000000       0.125000000000000       0.000000000000000E+000  0.100000000000000     
  0.962500000000000       0.125000000000000       0.000000000000000E+000  0.100000000000000     
  0.963500000000000       0.125000000000000       0.000000000000000E+000  0.100000000000000     
  0.964500000000000       0.125000000000000       0.000000000000000E+000  0.100000000000000     
  0.965500000000000       0.125000000000000       0.000000000000000E+000  0.100000000000000     
  0.966500000000000       0.125000000000000       0.000000000000000E+000  0.100000000000000     
  0.967500000000000       0.125000000000000       0.000000000000000E+000  0.100000000000000     
  0.968500000000000       0.125000000000000       0.000000000000000E+000  0.100000000000000     
  0.969500000000000       0.125000000000000       0.000000000000000E+000  0.100000000000000     
  0.970500000000000       0.125000000000000       0.000000000000000E+000  0.100000000000000     
  0.971500000000000       0.125000000000000       0.000000000000000E+000  0.100000000000000     
  0.972500000000000       0.125000000000000       0.000000000000000E+000  0.100000000000000     
  0.973500000000000       0.125000000000000       0.000000000000000E+000  0.100000000000000     
  0.974500000000000       0.125000000000000       0.000000000000000E+000  0.100000000000000     
  0.975500000000000       0.125000000000000       0.000000000000000E+000  0.100000000000000     
  0.976500000000000       0.125000000000000       0.000000000000000E+000  0.100000000000000     
  0.977500000000000       0.125000000000000       0.000000000000000E+000  0.100000000000000     
  0.978500000000000       0.125000000000000       0.000000000000000E+000  0.100000000000000     
  0.979500000000000       0.125000000000000       0.000000000000000E+000  0.100000000000000     
  0.980500000000000       0.125000000000000       0.000000000000000E+000  0.100000000000000     
  0.981500000000000       0.125000000000000       0.000000000000000E+000  0.100000000000000     
  0.982500000000000       0.125000000000000       0.000000000000000E+000  0.100000000000000     
  0.983500000000000       0.125000000000000       0.000000000000000E+000  0.100000000000000     
  0.984500000000000       0.125000000000000       0.000000000000000E+000  0.100000000000000     
  0.985500000000000       0.125000000000000       0.000000000000000E+000  0.100000000000000     
  0.986500000000000       0.125000000000000       0.000000000000000E+000  0.100000000000000     
  0.987500000000000       0.125000000000000       0.000000000000000E+000  0.100000000000000     
  0.988500000000000       0.125000000000000       0.000000000000000E+000  0.100000000000000     
  0.989500000000000       0.125000000000000       0.000000000000000E+000  0.100000000000000     
  0.990500000000000       0.125000000000000       0.000000000000000E+000  0.100000000000000     
  0.991500000000000       0.125000000000000       0.000000000000000E+000  0.100000000000000     
  0.992500000000000       0.125000000000000       0.000000000000000E+000  0.100000000000000     
  0.993500000000000       0.125000000000000       0.000000000000000E+000  0.100000000000000     
  0.994500000000000       0.125000000000000       0.000000000000000E+000  0.100000000000000     
  0.995500000000000       0.125000000000000       0.000000000000000E+000  0.100000000000000     
  0.996500000000000       0.125000000000000       0.000000000000000E+000  0.100000000000000     
  0.997500000000000       0.125000000000000       0.000000000000000E+000  0.100000000000000     
  0.998500000000000       0.125000000000000       0.000000000000000E+000  0.100000000000000     
  0.999500000000000       0.125000000000000       0.000000000000000E+000  0.100000000000000     
